1.0 0.7440737291763648
1.0 1.0465980949510403
1.0 0.43831267279174024
2.0 0.9541277607968348
2.0 0.8748605392824704
2.0 0.188696890862869
2.0 1.3629152545233634
3.0 1.2825450866308543
3.0 0.13815566451730865
3.0 0.12428326364407694
4.0 0.14556211857610923
4.0 0.37768072577952383
5.0 0.3288733853624015
6.0 0.3358635772680558
6.0 0.09304791188710815
7.0 0.02698572964823165
8.0 0.05199620645738856
9.0 0.1655520951160967
11.0 0.15617143045164872
12.0 0.10288626581322047
13.0 0.1624240942264209
15.0 0.4977903973880684
17.0 0.13322624460451093
20.0 0.03791025385694491
22.0 0.01844479335237237
25.0 0.13099790115893262
28.0 0.011124353452591551
32.0 0.11910081588969701
36.0 0.24114698970976267
41.0 0.09350005747242296
47.0 0.2533487450236953
53.0 0.10259546832127076
60.0 0.28987350531559164
67.0 0.1702240072246659
76.0 0.18212619542161912
86.0 0.059031114233193405
98.0 0.11241786070569837
111.0 0.05351344715829187
125.0 0.1488792528152636
142.0 0.07703199962771023
161.0 0.020535634862595242
182.0 0.023472866297830075
206.0 0.05189011114143427
233.0 0.02073508329154805
264.0 0.03551057570977045
298.0 0.08430052463409998
338.0 0.036472337675124145
382.0 0.0034210248913212338
433.0 0.002886674225389685
490.0 0.005857742104951491
554.0 0.003964335712252298
627.0 0.042809160826848824
710.0 0.04183707594578201
803.0 0.009141221071860883
909.0 0.008035181917797951
1029.0 0.06705484460385847
1165.0 0.03795718553410621
1319.0 0.0072901653432965174
1493.0 0.040928737914413205
1689.0 0.02129775492360242
1912.0 0.05697343603255978
2164.0 0.011340229169046534
2450.0 0.02171883650480433
2773.0 0.038041426563284464
3139.0 0.0026851660594273685
3552.0 0.008632761059071292
4021.0 0.013640826128910044
4551.0 0.015347416436163996
5151.0 0.006725315396374887
5831.0 0.007790902480445672
6599.0 0.01947361777332124
7470.0 0.005703304309897295
8455.0 0.004280458567373913
9570.0 0.019256651846010886
10832.0 0.008578434099208776
12260.0 0.001948844331862265
13877.0 0.0033473617289537794
15707.0 0.01708092838622921
17778.0 0.010472473084333078
20122.0 0.0024067588862903833
22776.0 0.00975796266847373
25779.0 0.008270721809597426
29178.0 0.001151148410233671
33026.0 0.010028564504595217
37381.0 0.002585445160430355
42311.0 0.009176988075660475
47890.0 0.0008112774409272383
54205.0 0.001468496717155432
61353.0 0.006839917275521801
69444.0 0.000867427433082657
78601.0 0.0009989375442411852
88966.0 0.0002907658853028572
100698.0 0.005536037307366737
113977.0 0.002628404093870662
129007.0 0.0024582996216545583
146019.0 0.00048633338033443607
165274.0 0.0023470883208331905
187068.0 0.002048143333322372
211737.0 0.0024986662244170788
239658.0 0.000809249939045964
---
1.0 0.3867085260910641
1.0 1.322745552328808
1.0 1.3646470159768187
2.0 0.8617485541976568
2.0 1.0325951433657528
2.0 1.6510134041965125
2.0 0.8773866474011274
3.0 0.20995022193200996
3.0 0.19965874685592921
3.0 0.27880455212946753
4.0 0.5002368945637774
4.0 0.6804962283707001
5.0 0.27206477834677556
6.0 0.4263535600092958
6.0 0.1667616217547303
7.0 0.12127968743694861
8.0 0.07065809080339513
9.0 0.6038618237571423
11.0 0.27176427586688057
12.0 0.14635203715865686
13.0 0.3334898828905728
15.0 0.07354531544988419
17.0 0.01360543694385119
20.0 0.051693740412525724
22.0 0.03422180098572136
25.0 0.18291613994088785
28.0 0.2539133095359518
32.0 0.33689989212348825
36.0 0.007786862656027793
41.0 0.3938698310042743
47.0 0.0256662269938005
53.0 0.3492904723804142
60.0 0.399765077634064
67.0 0.14852520758311738
76.0 0.32680741047593
86.0 0.0440181835570016
98.0 0.20013996987828975
111.0 0.05407494338741636
125.0 0.04161770078984661
142.0 0.007098719359842409
161.0 0.12265927493554507
182.0 0.02150549509550681
206.0 0.06111178032886999
233.0 0.012274028241516355
264.0 0.12082491371159465
298.0 0.002431916957350677
338.0 0.023724038841340445
382.0 0.08370011134088595
433.0 0.06473212613152568
490.0 0.10528287808241155
554.0 0.044697626936096135
627.0 0.011596098536815758
710.0 0.07880862031733249
803.0 0.00509799479947004
909.0 0.039429220041192536
1029.0 0.0373394722344258
1165.0 0.03224638803646984
1319.0 0.057644683462644064
1493.0 0.017218065644636793
1689.0 0.00536057015053415
1912.0 0.018151183015697403
2164.0 0.025558725207525557
2450.0 0.01425258222126602
2773.0 0.011199377728484672
3139.0 0.0177678164701649
3552.0 0.01720382845591306
4021.0 0.029789232235610807
4551.0 0.01792121976158545
5151.0 0.0020923400635335376
5831.0 0.0027986341718799768
6599.0 0.009727517302304367
7470.0 0.01745058463117144
8455.0 0.015517685364086375
9570.0 0.015272608983547986
10832.0 0.006357639567208917
12260.0 0.004444884856117826
13877.0 0.004281556107448958
15707.0 0.00016457234793709752
17778.0 0.006058404783867655
20122.0 0.007829636295112241
22776.0 0.0037866826218642125
25779.0 0.008838993347467738
29178.0 0.0017775847340022466
33026.0 0.002665015644328639
37381.0 0.0016100190972725414
42311.0 0.012158888086345243
47890.0 0.00507524063839937
54205.0 0.0011360996236275955
61353.0 0.00357569952939063
69444.0 0.0018116148104565521
78601.0 0.00790566908436463
88966.0 0.00022375175828059923
100698.0 0.003181593006757466
113977.0 0.0024821083261021837
129007.0 1.971429588465412e-06
146019.0 0.0021145227147975065
165274.0 0.0006615196566246428
187068.0 0.0004907988967595145
211737.0 0.0009954742427155105
239658.0 0.0007129744388132409
---
1.0 0.2664343859643665
1.0 1.5087338904034864
1.0 0.36937272761135753
2.0 0.9049404967500747
2.0 0.03825582008338824
2.0 0.9724128296012735
2.0 1.9806665568497888
3.0 0.9396096023474265
3.0 0.04909038650583841
3.0 0.19296774316600496
4.0 0.02763833289721096
4.0 0.8797855409751663
5.0 0.11146417225215566
6.0 0.24106659938492547
6.0 0.21370857992975623
7.0 1.0288737701905704
8.0 0.10525857895369839
9.0 0.060881098089175634
11.0 0.5515786354796532
12.0 0.36988897037118207
13.0 0.04001791893241402
15.0 0.0884642366206021
17.0 0.0807585978889298
20.0 0.008168684975442764
22.0 0.09404750566199338
25.0 0.29550069623575137
28.0 0.181130947917858
32.0 0.19897891619252417
36.0 0.1291432358593012
41.0 0.18847406449592086
47.0 0.06003752242211324
53.0 0.32644470453072194
60.0 0.027702340588693586
67.0 0.1834590245595975
76.0 0.09449761543092572
86.0 0.2188036888478817
98.0 0.01012191340272195
111.0 0.0316582313212288
125.0 0.003735733694085197
142.0 0.12148409803319071
161.0 0.08740184957384356
182.0 0.06664310927851158
206.0 0.11383768321609833
233.0 0.04767344984943045
264.0 0.063385171723369
298.0 0.016387270226136508
338.0 0.049573296891059826
382.0 0.009784401564055134
433.0 0.0361818989823508
490.0 0.026183271964040356
554.0 0.027125831756982466
627.0 0.0019364927045403268
710.0 0.04878634992481712
803.0 0.04376378463207731
909.0 0.0071032457928891235
1029.0 0.015433863710643814
1165.0 0.02942912663951036
1319.0 0.02427170784947441
1493.0 0.04257723304850092
1689.0 0.023797005546891015
1912.0 0.01899128079945145
2164.0 0.015878371347293863
2450.0 0.03248659689483668
2773.0 0.020210904431489762
3139.0 0.020639769068018232
3552.0 0.007008650774089631
4021.0 0.01410413930336718
4551.0 0.016641976503028344
5151.0 0.001417601075110797
5831.0 0.00040171916459641466
6599.0 0.02974271375081039
7470.0 0.00030085884533948004
8455.0 0.015092379618646512
9570.0 0.01182232146689377
10832.0 0.003862684733657362
12260.0 0.0020901086279740966
13877.0 0.0013740098431587189
15707.0 0.007777819993142865
17778.0 0.0056839880598549275
20122.0 0.004440318813982325
22776.0 0.004057370812707406
25779.0 0.001944654856100847
29178.0 0.0017925582718536504
33026.0 0.0006636897392919838
37381.0 0.011072812611915173
42311.0 0.0024101011547419393
47890.0 0.004246556831264625
54205.0 0.0007220881970182447
61353.0 0.004368501694578031
69444.0 0.0060842396572350355
78601.0 0.0022670228682261095
88966.0 0.0022459005379227293
100698.0 0.0015176737389333006
113977.0 0.00024561337780992787
129007.0 0.0019426259929600231
146019.0 0.00209904637519176
165274.0 0.002977488051375765
187068.0 0.00335836483083618
211737.0 0.001711843057784379
239658.0 0.0013110616172715694
---
1.0 1.2964203726028325
1.0 0.17361969600775073
1.0 0.1549196631697929
2.0 1.3268184457079464
2.0 0.7410291883217739
2.0 0.2895844282886173
2.0 0.12663862659594982
3.0 0.33483245436838294
3.0 0.40114013954170913
3.0 0.2780374523151694
4.0 0.2521982466277577
4.0 0.7265701518105011
5.0 0.335045459851097
6.0 0.12978762928526733
6.0 0.08136036326830398
7.0 0.1487727473736955
8.0 0.040619113004467744
9.0 0.41140595728329643
11.0 0.03493504196509001
12.0 0.589915412864165
13.0 0.3908628825531184
15.0 0.3148190115985392
17.0 0.15339707800273739
20.0 0.05506990676416623
22.0 0.1048166571539868
25.0 0.19136235122781264
28.0 0.26785935903884384
32.0 0.36974455525750793
36.0 0.13761283221579257
41.0 0.04256901296901994
47.0 0.07540406448039372
53.0 0.12818636851623755
60.0 0.10278249279702867
67.0 0.0454593430264435
76.0 0.18213558960378728
86.0 0.02103683352817054
98.0 0.030171386316111715
111.0 0.152238103230677
125.0 0.062060402058726094
142.0 0.014293946163640214
161.0 0.054187276508556925
182.0 0.030596351051541015
206.0 0.10384115877900779
233.0 0.00511747517721195
264.0 0.06789797609964254
298.0 0.025869207248942594
338.0 0.061486966038908575
382.0 0.011746792432137498
433.0 0.04153878756351781
490.0 0.11007665563408553
554.0 0.11216489552549846
627.0 0.003385050639314824
710.0 0.035920990164815425
803.0 0.011726099358424502
909.0 0.0020337881711789407
1029.0 0.05367296442102654
1165.0 0.015978784581428318
1319.0 0.019817350198540473
1493.0 0.023526496941884245
1689.0 0.04139449181991983
1912.0 0.007496896181840018
2164.0 0.03779927126484317
2450.0 0.028842887009079665
2773.0 0.0055866222624638695
3139.0 0.02347865643664493
3552.0 0.027817809822607842
4021.0 0.022778082447339143
4551.0 0.009436492853966305
5151.0 0.0014757720228775195
5831.0 0.0015869633519831616
6599.0 0.0035163121662016295
7470.0 0.021380535705912695
8455.0 0.004679676936163668
9570.0 0.009858348153457541
10832.0 0.0039499706996430906
12260.0 0.005902856214011765
13877.0 0.01466189070629742
15707.0 0.011540490747730003
17778.0 0.008358007923183308
20122.0 0.007942177934910477
22776.0 0.00011259490131720895
25779.0 0.0011937104598087611
29178.0 0.00026658609333085614
33026.0 0.00786270964154312
37381.0 0.0008789192067861773
42311.0 0.0017534633602653837
47890.0 0.003821614600679979
54205.0 0.004510939883929366
61353.0 0.002857895079537043
69444.0 0.0037460687495092237
78601.0 0.006904937885901186
88966.0 0.005359897906250133
100698.0 0.0016334485622915285
113977.0 0.0015179657651374079
129007.0 0.0013404895162694164
146019.0 0.0011794979908570369
165274.0 0.0016961992077030308
187068.0 1.239214890569329e-05
211737.0 0.0010712421303393782
239658.0 0.0004057065274054583
---
1.0 1.262553106222997
1.0 0.32554455343587163
1.0 1.8156299054576472
2.0 0.08854529109466491
2.0 0.4189567595055772
2.0 0.7034184234833603
2.0 1.258672903784793
3.0 0.595289681412142
3.0 0.137266020379619
3.0 0.15941869817405907
4.0 0.2258793834834567
4.0 0.11969444362237058
5.0 0.6243623945717087
6.0 0.11057918022323676
6.0 0.21214804754722283
7.0 0.505254137738423
8.0 0.23574516041954685
9.0 0.06036658050187782
11.0 0.15298014847283858
12.0 0.49200860483450937
13.0 0.12139284830636243
15.0 0.5878931478788185
17.0 0.6177716032813481
20.0 0.16285611199651306
22.0 0.2747042736435663
25.0 0.07760068570768341
28.0 0.03407754433950405
32.0 0.26152061650511627
36.0 0.179890068897834
41.0 0.31065128276803433
47.0 0.10630867643530051
53.0 0.0825343505980638
60.0 0.11407330928691417
67.0 0.01120890372050487
76.0 0.09215710261624954
86.0 0.11473099355149197
98.0 0.14786090578032285
111.0 0.1408852308831423
125.0 0.177769886695629
142.0 0.05193861252926402
161.0 0.08952359036009105
182.0 0.0037169921520798788
206.0 0.10810559711470846
233.0 0.025158250172100383
264.0 0.04206844750913641
298.0 0.0029008232836889025
338.0 0.12784061155028692
382.0 0.16862538693784856
433.0 0.017347061343394032
490.0 0.009786699527513543
554.0 0.02785644690870448
627.0 0.017312305961222574
710.0 0.04105706569569123
803.0 0.00040381695413360674
909.0 0.008030257955287556
1029.0 0.018271498229534555
1165.0 0.015892883157859417
1319.0 0.0001625317453348707
1493.0 0.025625286759403787
1689.0 0.013232670219407439
1912.0 0.0188339556035233
2164.0 0.0038365597210494595
2450.0 0.028871280534595756
2773.0 0.012635110082325873
3139.0 0.02702355536995915
3552.0 0.00783142063525366
4021.0 0.03900836787050954
4551.0 0.0063076868602753855
5151.0 0.037212765334598163
5831.0 0.021519687146686173
6599.0 0.006776467388759588
7470.0 0.005441835724799615
8455.0 0.007653325514872744
9570.0 0.034865828765325735
10832.0 0.0033086940477309312
12260.0 0.008950265470739627
13877.0 0.02726037648936286
15707.0 0.016146543100545196
17778.0 0.0007180397169779251
20122.0 0.01067333521863123
22776.0 0.003908696008952273
25779.0 0.009946162567173067
29178.0 0.0057114007375265174
33026.0 0.0005110780208326116
37381.0 0.001544343826297201
42311.0 0.007500758693923082
47890.0 0.0041901424576638036
54205.0 0.004767427435120264
61353.0 0.004291343440011808
69444.0 0.004129512798438206
78601.0 0.007674938100621587
88966.0 0.0009742647280659433
100698.0 0.00039920630765188925
113977.0 0.0016654593032054965
129007.0 0.0029399425859343298
146019.0 0.0027337811693360914
165274.0 0.0036603066723062128
187068.0 0.0007032151647119456
211737.0 0.0001594095079444635
239658.0 0.0013903328100706158
---
1.0 0.019306976432821754
1.0 1.7507611566963925
1.0 0.15159062099862464
2.0 0.6188010237028183
2.0 0.7465889779704349
2.0 1.0339526905576641
2.0 0.18117316088358004
3.0 0.6739148894439005
3.0 0.6208700485262737
3.0 0.9527355266888559
4.0 0.019647223742560005
4.0 0.10517983588616886
5.0 0.47792168767275
6.0 0.010935000810186057
6.0 0.25329916320400625
7.0 0.03664715939588181
8.0 0.4456321502721847
9.0 0.010861995178733874
11.0 0.32897160781582246
12.0 0.309534522002226
13.0 0.10056762304379263
15.0 0.08457587750021234
17.0 0.11003623874711765
20.0 0.0687321628179749
22.0 0.4147736726288169
25.0 0.004631264269069568
28.0 0.19979297678640684
32.0 0.32769882400167993
36.0 0.10443937109342738
41.0 0.2400202906841734
47.0 0.0764477603334226
53.0 0.12647545534859894
60.0 0.1781135902101032
67.0 0.13466922809270976
76.0 0.26848185020806015
86.0 0.04053133961273203
98.0 0.211763717684897
111.0 0.012318678756157553
125.0 0.13539042298668602
142.0 0.0887502011601905
161.0 0.12629011109871713
182.0 0.007537143210660346
206.0 0.09026198445523859
233.0 0.07674637382312688
264.0 0.03677020737758152
298.0 0.017269460600884745
338.0 0.01391338531252484
382.0 0.00029369103704901534
433.0 0.06287394094901622
490.0 0.04994036189700468
554.0 0.01770050672449619
627.0 0.03567391158862643
710.0 0.05097114631632915
803.0 0.018949603410463478
909.0 0.05988889382029461
1029.0 0.04568726816442359
1165.0 0.03857347382209386
1319.0 0.00847566186647808
1493.0 0.013670677493741623
1689.0 0.004580854739387519
1912.0 0.02517464746244713
2164.0 0.019172519986432768
2450.0 0.005990168622313052
2773.0 0.011052121868069475
3139.0 0.0007199802299781011
3552.0 0.031050295301173536
4021.0 0.0224073007623129
4551.0 0.0292229686727401
5151.0 0.0034277521810370803
5831.0 0.005195734167937172
6599.0 0.011517620777186544
7470.0 0.001705719180826737
8455.0 0.012150792249136178
9570.0 0.005405106052042363
10832.0 0.0013616082664051898
12260.0 0.0029781013339573725
13877.0 0.013100032022096642
15707.0 0.0038639182874167233
17778.0 0.006616266741492294
20122.0 0.010004158486565107
22776.0 0.006150065315545183
25779.0 0.0038009256700438643
29178.0 0.007392608135469936
33026.0 0.006952307265952085
37381.0 0.012540916744835928
42311.0 0.0020454381806120914
47890.0 0.006405965310304795
54205.0 0.006055191568236751
61353.0 0.00039800993243210847
69444.0 0.0011853316492055344
78601.0 0.003436516734168671
88966.0 0.0010901505600249273
100698.0 0.0017680603829324237
113977.0 0.0015739654612221265
129007.0 0.00032618329772859944
146019.0 0.00022179581701387008
165274.0 0.0009470238412694343
187068.0 0.00608745070233363
211737.0 0.002019356412476414
239658.0 0.0028513204366227285
---
1.0 0.27115055175939884
1.0 1.363859143680687
1.0 1.363859143680687
2.0 1.060414122964204
2.0 0.27012538609284276
2.0 0.40668878860475866
2.0 1.098720199105304
3.0 0.05756160338358529
3.0 0.04426429184421643
3.0 0.30993700390771406
4.0 0.9069503927545741
4.0 0.37297010898359517
5.0 0.6580114124266476
6.0 0.12043646762009774
6.0 0.4292184761313451
7.0 0.13734764051186144
8.0 0.3074548205837566
9.0 0.1328747521446556
11.0 0.18291871974759477
12.0 0.692786140315818
13.0 0.034307687044944135
15.0 0.07565290519938594
17.0 0.04139052315665381
20.0 0.2151436927011099
22.0 0.0654678502542394
25.0 0.2292119860754136
28.0 0.058558783318826024
32.0 0.31795836164853464
36.0 0.10783688537446512
41.0 0.05493934318391114
47.0 0.22525756467176983
53.0 0.22704267655822175
60.0 0.07973751848951371
67.0 0.10800086981189694
76.0 0.1046989514149872
86.0 0.04232288588192912
98.0 0.17954259461047106
111.0 0.12375464924106838
125.0 0.07108942316588474
142.0 0.15613639577866056
161.0 0.10657952459152376
182.0 0.025683566296907823
206.0 0.00831895846132058
233.0 0.018968828317213582
264.0 0.08533202494827319
298.0 0.07260812286173479
338.0 0.008031628412587644
382.0 0.011305159756131111
433.0 0.01615399745962165
490.0 0.029997507824907288
554.0 0.05479937486413089
627.0 0.01203778502509456
710.0 0.0031318060525402647
803.0 0.03719323672856634
909.0 0.0017504760804087915
1029.0 0.04007515818494545
1165.0 0.008777184147906958
1319.0 0.03770088625124979
1493.0 0.012271399200419641
1689.0 0.023904643589624408
1912.0 0.0201979106237391
2164.0 0.013418037536938598
2450.0 0.015106844596263658
2773.0 0.0243703580443293
3139.0 0.006009191369784617
3552.0 0.00793714517425248
4021.0 0.0044498082205834955
4551.0 0.008834077420641906
5151.0 0.027572188645789808
5831.0 0.015874503949432572
6599.0 0.005478565366562882
7470.0 0.007124764268873207
8455.0 0.016843456956141645
9570.0 0.0010759155866262304
10832.0 0.0035734268097507016
12260.0 0.004809795390679383
13877.0 0.017325612227136133
15707.0 0.009477029849955132
17778.0 0.003527287976651472
20122.0 0.00035511292038825637
22776.0 0.0022948391696171466
25779.0 0.001268521944526535
29178.0 0.0009996233917124453
33026.0 0.008490599436117074
37381.0 0.013787509429638467
42311.0 0.006709468511330807
47890.0 0.0011246215832683149
54205.0 0.004468541757970845
61353.0 0.00027505531742555434
69444.0 0.002534670141405848
78601.0 0.0030328908359680273
88966.0 0.006323732348866629
100698.0 0.0005714458913508302
113977.0 0.002649456424672514
129007.0 0.0023088873735954696
146019.0 0.002756510284076752
165274.0 0.0010941387342988662
187068.0 0.004265664993311491
211737.0 4.7780024777566155e-05
239658.0 0.00033667466912556954
---
1.0 1.4959521536075333
1.0 2.1152939663589487
1.0 0.18884929212463009
2.0 0.5469026628372267
2.0 1.0012033064044972
2.0 0.17786151823756446
2.0 1.0012033064044972
3.0 0.5629697091581343
3.0 0.32063046952815843
3.0 0.4081906984784771
4.0 0.7326460986166161
4.0 0.6457192354284241
5.0 0.28278977200801425
6.0 1.111159312428244
6.0 0.21626767596592966
7.0 0.2133574902516695
8.0 0.5398377837335946
9.0 0.16179710565921956
11.0 0.2493797912694129
12.0 0.3794065968246618
13.0 0.2609992828447045
15.0 0.20708394504782823
17.0 0.2997451731732057
20.0 0.8291187915501694
22.0 0.2745739631727031
25.0 0.15341741590534652
28.0 0.037971465567050444
32.0 0.23606992683527805
36.0 0.09426996993375347
41.0 0.00022992763863682875
47.0 0.11454531638066223
53.0 0.12536218091638096
60.0 0.2612977926113398
67.0 0.096660670804116
76.0 0.0014839206341770161
86.0 0.035329659620527254
98.0 0.09965863985904344
111.0 0.05332568391471304
125.0 0.20217932523786963
142.0 0.11982757470454719
161.0 0.012833554464504182
182.0 0.026270732508950734
206.0 0.00299544490535264
233.0 0.008832106151055008
264.0 0.06579907423989906
298.0 0.12255170605101462
338.0 0.0432070508072111
382.0 0.09674231018911073
433.0 0.0011661644339164834
490.0 0.020273758926954155
554.0 0.04796710244240199
627.0 0.01723186862868098
710.0 0.020128515505384748
803.0 0.026397612392701886
909.0 0.016343622027629845
1029.0 0.040478905912723295
1165.0 0.07123172306192815
1319.0 0.009176843802862988
1493.0 0.05177424279188225
1689.0 0.01419464478921606
1912.0 0.0035515657854019445
2164.0 0.0027318307584356383
2450.0 0.030726077922942685
2773.0 0.032148629746847845
3139.0 0.0002731161242548463
3552.0 0.012424600302718414
4021.0 0.013025121117869354
4551.0 0.044426244873405185
5151.0 0.0003259042597102413
5831.0 0.013044620381432503
6599.0 0.015568083720233439
7470.0 0.01819002384468993
8455.0 0.010897782598816352
9570.0 0.00922322501019568
10832.0 0.0019977051749265895
12260.0 0.0026872620848554796
13877.0 0.0021572549659181206
15707.0 0.0032017178618519715
17778.0 0.002647726582795995
20122.0 0.013703906507063213
22776.0 0.009149364369875568
25779.0 0.0017952419826424704
29178.0 0.007216091547853853
33026.0 0.008977660025226819
37381.0 0.010586610246030137
42311.0 0.0079360168889695
47890.0 0.0033150362479441586
54205.0 0.00239883141819508
61353.0 0.002144509061847044
69444.0 0.00032186741143225284
78601.0 0.011057124456140599
88966.0 0.00012375908057693508
100698.0 0.003489461414813322
113977.0 0.00034479831423617213
129007.0 0.00039080329583551787
146019.0 0.0034172083482957305
165274.0 0.000694401229269781
187068.0 0.0003660201048107936
211737.0 0.005600010025677005
239658.0 0.00012858600264786801
---
1.0 0.41548970957959597
1.0 1.4691604818208537
1.0 0.4677588334885171
2.0 0.8257950354162773
2.0 1.4837601936907105
2.0 0.11417394009644766
2.0 0.12605741403846404
3.0 0.29167871942500545
3.0 0.5616193756450303
3.0 0.4233472953455103
4.0 0.3513496389282065
4.0 0.0425054938840439
5.0 0.010566867134299107
6.0 0.6612975965788437
6.0 0.2778097056622657
7.0 0.8483554093529267
8.0 0.6074393438002704
9.0 0.3559834217201262
11.0 0.07434739861171846
12.0 0.01954206707902617
13.0 0.36064659519198383
15.0 0.07602960738275488
17.0 0.1584237600094065
20.0 0.45173825060195416
22.0 0.1417356093656229
25.0 0.2933719050559045
28.0 0.18153326620097876
32.0 0.08519045544271586
36.0 0.028873910816208603
41.0 0.15233284200246666
47.0 0.007584051437082628
53.0 0.16591023437096286
60.0 0.0489359304542758
67.0 0.1653936476249025
76.0 0.10784153910459149
86.0 0.06254185986343619
98.0 0.2066994659222694
111.0 0.04623980715694642
125.0 0.12357916030518346
142.0 0.05985461144467907
161.0 0.17813277485163792
182.0 0.03915009440356332
206.0 0.0371008674550275
233.0 0.08862746341923688
264.0 0.11898045545467784
298.0 0.04571776562125085
338.0 0.0022276742146458695
382.0 0.01397793013970805
433.0 0.11227587429668007
490.0 0.009186609658353051
554.0 0.013315141192874913
627.0 0.0320270095638866
710.0 0.004572908528750141
803.0 0.06226821061593191
909.0 0.06051132524155145
1029.0 0.01156413501231035
1165.0 0.03293695385137774
1319.0 0.010088271151719175
1493.0 0.025334753861563808
1689.0 0.04964413713387006
1912.0 0.00917130856533177
2164.0 0.03235947375992687
2450.0 0.005440869283591443
2773.0 0.003445056664771906
3139.0 0.018339281180993927
3552.0 0.014776415638772855
4021.0 0.0027142675853770726
4551.0 0.011652159203047852
5151.0 0.009583101746323375
5831.0 4.7671858361186814e-05
6599.0 0.01358169791649444
7470.0 0.012972836554198008
8455.0 0.005871406628916054
9570.0 0.012885185671985155
10832.0 0.011073405884036047
12260.0 0.005038138049860752
13877.0 0.0026816099823963047
15707.0 0.0023084574189427
17778.0 0.0011206861619007524
20122.0 0.010985212748187978
22776.0 0.0016599841398174942
25779.0 0.0126725147156308
29178.0 0.008102858885574271
33026.0 0.0018154282209428274
37381.0 0.008086183237863809
42311.0 0.005855733330979218
47890.0 0.0010543420440554119
54205.0 0.002383278280616352
61353.0 0.0032487755749036618
69444.0 0.002570707897643354
78601.0 0.0035845326381132026
88966.0 0.006832167177237891
100698.0 0.005665206795285815
113977.0 0.0019600976479818844
129007.0 0.005379798383160717
146019.0 0.0030833494915805115
165274.0 0.0014956593852255562
187068.0 0.000958664124430797
211737.0 0.0013081061074605715
239658.0 0.0017790644432906788
---
1.0 0.47873651370054415
1.0 1.0227158884361591
1.0 2.2935778868871113
2.0 0.6290691809823303
2.0 0.06495954562157358
2.0 0.13253614764957744
2.0 0.5062208153181129
3.0 0.21663027382642508
3.0 0.19815118087957684
3.0 0.8470543776309194
4.0 0.684655440448428
4.0 0.8148825138306248
5.0 0.06384367544334557
6.0 0.5952906930533454
6.0 0.29344923460581307
7.0 0.22995141740395164
8.0 0.2725515469160851
9.0 0.15103346558694786
11.0 0.35186588487692905
12.0 0.564608595280012
13.0 0.1740444168473022
15.0 0.3350956010839976
17.0 0.3456406584999314
20.0 0.31463135393237573
22.0 0.23690763614387145
25.0 0.07013725653098435
28.0 0.05030150185556037
32.0 0.08372078161563623
36.0 0.049580421941851194
41.0 0.026349153791579427
47.0 0.2715075553327989
53.0 0.15314604230161766
60.0 0.13682132170749228
67.0 0.020599164305361795
76.0 0.028476089828320506
86.0 0.09060369700434756
98.0 0.006219755426102869
111.0 0.011612981944196799
125.0 0.03107885802077226
142.0 0.03168761282534138
161.0 0.09043412650576821
182.0 0.020545619104928248
206.0 0.2138690483722061
233.0 0.039741778874241795
264.0 0.12587280877292195
298.0 0.05677432529466664
338.0 0.06559205337770302
382.0 0.026776159457366666
433.0 0.047257945013590374
490.0 0.030126186974189118
554.0 0.020384215376690662
627.0 0.008208418256957062
710.0 0.0068166046855848705
803.0 0.03642053572139148
909.0 0.0013599723068000724
1029.0 0.0061421463080901795
1165.0 0.001044501448632662
1319.0 0.01343585188439178
1493.0 0.03486134009717878
1689.0 0.0003429178056688631
1912.0 0.034725348184674765
2164.0 0.02433069798443932
2450.0 0.025658703083593082
2773.0 0.05436432521661283
3139.0 0.019177969686550278
3552.0 0.008355024246512688
4021.0 0.01686112503943571
4551.0 0.02513059225309866
5151.0 0.017837990801278902
5831.0 0.0032596837405654
6599.0 0.01454823747976186
7470.0 0.021301658491863495
8455.0 0.01820411982449799
9570.0 0.0073950300398959445
10832.0 0.020158327439847357
12260.0 0.012830454273909053
13877.0 0.002153122405660901
15707.0 0.0010346885317152887
17778.0 0.009301553281227948
20122.0 0.0035750938641077035
22776.0 0.005311832370346714
25779.0 0.005162499391129338
29178.0 0.0014179598685416517
33026.0 0.002230940324683628
37381.0 0.0050878574878696625
42311.0 0.0045222282578789574
47890.0 0.007706372410793638
54205.0 0.00492019428796675
61353.0 0.0006416607360351101
69444.0 0.0017378947963548885
78601.0 0.001486152647081962
88966.0 0.0008738188350034815
100698.0 0.002695230860062514
113977.0 0.0003661711914231258
129007.0 0.007109217785669197
146019.0 0.0018867581059596183
165274.0 0.0003403177544600844
187068.0 0.002825192518495445
211737.0 0.0011327345438310044
239658.0 0.0005175035875931711
---
1.0 1.3385774147070997
1.0 1.4282103913801079
1.0 1.135245168325405
2.0 0.6296579117366836
2.0 0.3056576882712094
2.0 0.2428711681131448
2.0 0.716652501871994
3.0 0.8997174681431955
3.0 0.2520160690435853
3.0 0.14176196797106977
4.0 0.3264033396583783
4.0 0.4944410823514793
5.0 0.06933400819191227
6.0 0.08731253151291618
6.0 0.3877801161847563
7.0 0.3506013912409538
8.0 0.3177299638315625
9.0 0.22466854704007888
11.0 0.05688236723121076
12.0 0.21390554940669393
13.0 0.2972275439385106
15.0 0.03911420474910732
17.0 0.25276050239820935
20.0 0.015703877016235435
22.0 0.0854090590812735
25.0 0.09937173991980486
28.0 0.20599857697487023
32.0 0.15457529157479577
36.0 0.13778495411663472
41.0 0.15766400056216556
47.0 0.25618143910978963
53.0 0.09382668965228791
60.0 0.21617595353605967
67.0 0.06806997597503894
76.0 0.027657240037299746
86.0 0.0319711471337607
98.0 0.11578711114940465
111.0 0.12656375444789303
125.0 0.16230827865597397
142.0 0.09363433925184494
161.0 0.01752719703254535
182.0 0.02709217360824423
206.0 0.005229390871173134
233.0 0.02339297319381517
264.0 0.023853549263522567
298.0 0.04197795307842889
338.0 0.03309923482149402
382.0 0.041864519588772575
433.0 0.04685867537927013
490.0 0.06453824691111931
554.0 0.0726195263029561
627.0 0.011760640034487624
710.0 0.02387705251414074
803.0 0.06317736371184202
909.0 0.060609840907206
1029.0 0.010989536908817654
1165.0 0.040166283756396304
1319.0 0.005690176508274414
1493.0 0.0528386747013202
1689.0 0.031203077736684737
1912.0 0.017679652744265972
2164.0 0.0053677855267633134
2450.0 0.021079294663604475
2773.0 0.006277470681243624
3139.0 0.00852863260860004
3552.0 0.012490406038545787
4021.0 0.015623020469644477
4551.0 0.01956402074710839
5151.0 0.0005457093629216425
5831.0 0.013646314081457889
6599.0 0.0010607612837971736
7470.0 0.00434044570847103
8455.0 0.02051227045130455
9570.0 0.0011484366109502098
10832.0 0.0036547522044489966
12260.0 0.00529535690509686
13877.0 0.016158690508022433
15707.0 0.014006214311774956
17778.0 0.00693479309779832
20122.0 0.006716047407232306
22776.0 0.006556128298188524
25779.0 0.002029934904286934
29178.0 0.002670231063373052
33026.0 0.004524905265051782
37381.0 0.00021999707781095168
42311.0 0.006991987379801667
47890.0 0.0020636385205716756
54205.0 0.003135571423111938
61353.0 0.0016021351726784872
69444.0 0.006974495211878207
78601.0 0.0006248878062993235
88966.0 0.0019316703426248694
100698.0 0.0022301015545693748
113977.0 0.0009587547022953391
129007.0 0.003574783646592916
146019.0 0.00010058601731233185
165274.0 0.002917342028798453
187068.0 0.0016872530904028515
211737.0 0.0005328773867936398
239658.0 0.0014105933178061303
---
1.0 0.9840797657873168
1.0 1.131205697537495
1.0 0.9745615362257156
2.0 0.44817303822602417
2.0 0.9076614297124412
2.0 0.5796406881596183
2.0 0.4077758681478234
3.0 0.7131862886230608
3.0 0.0719080011959512
3.0 0.07602736188626791
4.0 0.7752214596800975
4.0 0.7410609213519039
5.0 0.45742766890866804
6.0 0.18742208134159533
6.0 0.6219657853963879
7.0 0.2551457287642529
8.0 0.035776238255813
9.0 0.20795546842121082
11.0 0.6047335314213231
12.0 0.1392391611747097
13.0 0.0209926714506381
15.0 0.4755762776831969
17.0 0.09071908439325194
20.0 0.14301006990530596
22.0 0.05728190385064469
25.0 0.07513154203673911
28.0 0.5919372053448142
32.0 0.21971251554306725
36.0 0.08548667339541183
41.0 0.1171378084044572
47.0 0.2954792100386152
53.0 0.25527787888817466
60.0 0.08125480223626091
67.0 0.1892876952036351
76.0 0.16533445325525642
86.0 0.15436756462677304
98.0 0.01818714460217641
111.0 0.020884705272460335
125.0 0.10352484372036819
142.0 0.22723289484706677
161.0 0.014479371106390193
182.0 0.11988598316395205
206.0 0.11199619613767986
233.0 0.10836790533122653
264.0 0.005516844206306271
298.0 0.01617276012539759
338.0 0.03039948345120913
382.0 0.03758463520771338
433.0 0.02644696460738505
490.0 0.06616566035391802
554.0 0.05109450516013192
627.0 0.027249719870369615
710.0 0.015593645763163355
803.0 0.06724983733581791
909.0 0.05531796994114768
1029.0 0.0573638739855159
1165.0 0.004526176361651757
1319.0 0.01722779273979591
1493.0 0.007147386561802804
1689.0 0.001864727246413178
1912.0 0.0075453602045576496
2164.0 0.010491030236987609
2450.0 0.00043647667365709353
2773.0 0.021434319648178768
3139.0 0.00882831667059647
3552.0 0.014765251878740449
4021.0 0.005132322831174374
4551.0 0.038312948610895514
5151.0 0.023084116534524135
5831.0 0.00207179509594857
6599.0 0.00855981612997514
7470.0 0.011485394288054729
8455.0 0.004241588727787349
9570.0 0.00113088797661276
10832.0 0.0034801780496698242
12260.0 0.014080117707895079
13877.0 0.009230933843884515
15707.0 0.002289275806969915
17778.0 0.0012663305194298147
20122.0 0.011181390429518157
22776.0 0.003615798638653356
25779.0 0.007963010034340856
29178.0 0.014569279881158193
33026.0 0.008457310127920614
37381.0 0.002768285534556547
42311.0 0.009431353588291835
47890.0 0.0014212996018899693
54205.0 0.00045210325185562894
61353.0 0.0028102487963845846
69444.0 0.008072502860144048
78601.0 0.003276391585676608
88966.0 5.8236822202850647e-05
100698.0 0.0027764612473695216
113977.0 0.0024497363761657454
129007.0 0.002629811186260711
146019.0 0.004939724063438344
165274.0 0.0005174935434606454
187068.0 0.004483508292685734
211737.0 0.0023365844423475224
239658.0 0.0050835062432443845
---
1.0 1.7084383968229435
1.0 0.5866110850227967
1.0 1.8734456948368732
2.0 1.1377685937342001
2.0 0.8258912324860983
2.0 1.7084383968229435
2.0 0.0003445950792517749
3.0 0.49753433547002324
3.0 0.90044537581403
3.0 0.4003522618138269
4.0 1.4573222904216054
4.0 0.382557790542533
5.0 0.28540462766554886
6.0 0.3918238990566578
6.0 0.5101965545570913
7.0 0.30455402002962506
8.0 0.0501197325934688
9.0 0.23448964868529432
11.0 0.4294100210839391
12.0 0.33673852527870074
13.0 0.2908948319207284
15.0 0.35170461706169653
17.0 0.26919660822598157
20.0 0.18370170677601094
22.0 0.1617283537304428
25.0 0.24861228281266645
28.0 0.17303989011766874
32.0 0.21925504604361856
36.0 0.3264530705533586
41.0 0.06519514578964403
47.0 0.13378197760235677
53.0 0.02463037458083983
60.0 0.11947135771536344
67.0 0.05973777352108156
76.0 0.09669903566557614
86.0 0.07604163186132473
98.0 0.08944028276521854
111.0 0.15889967169966668
125.0 0.115797703783308
142.0 0.12073687681855994
161.0 0.007997250354053964
182.0 0.015836863789930655
206.0 0.07201823346775726
233.0 0.11397032728226875
264.0 0.040788714373301005
298.0 0.02883355771831475
338.0 0.0003746519995118103
382.0 0.13033135974636512
433.0 0.046529540091156174
490.0 0.05453936286096961
554.0 0.006188352006072595
627.0 0.008764502373468597
710.0 0.0387896789413249
803.0 0.04479239046410943
909.0 0.00838063058675731
1029.0 0.0015730110138285625
1165.0 0.004845287559171241
1319.0 0.0033046138267009972
1493.0 0.03925217240432666
1689.0 0.025994701813324417
1912.0 0.04463361861288795
2164.0 0.010647254942033335
2450.0 0.03121254997035061
2773.0 0.013111180959265223
3139.0 0.04012903838791182
3552.0 0.006509681487325336
4021.0 0.012287015756164532
4551.0 0.033565997464993114
5151.0 0.008017432374942124
5831.0 0.0007048776680875779
6599.0 0.013529867215522184
7470.0 0.019355893898532983
8455.0 0.006470309630385085
9570.0 0.0038672475904051318
10832.0 0.00465570335956178
12260.0 0.007938626781411884
13877.0 0.0037163894060303626
15707.0 0.011797416981741415
17778.0 0.00814123490645935
20122.0 0.016630686980836806
22776.0 2.9206188585040316e-05
25779.0 0.0024525946023308265
29178.0 0.009360371126851397
33026.0 0.006928297257980276
37381.0 0.00550695899051501
42311.0 0.011044448129625017
47890.0 0.0028487048838707896
54205.0 0.0040981025166182405
61353.0 0.00101255317572857
69444.0 0.007441541454560441
78601.0 0.0014811706665143198
88966.0 0.004858276826384178
100698.0 0.0036626996402575607
113977.0 0.007924432835879403
129007.0 0.0014247945656054029
146019.0 0.0013592642458363224
165274.0 0.0044259857910455835
187068.0 0.00024684537795183203
211737.0 0.0018041724680486482
239658.0 0.0007090791697801357
---
1.0 1.2430756883108904
1.0 0.019113088782040655
1.0 0.35666920234136357
2.0 0.5106733769172576
2.0 0.9804723915572722
2.0 0.8513629783610084
2.0 0.4861824905094687
3.0 0.8603580549849763
3.0 0.12649482041539195
3.0 0.6775423183093605
4.0 0.09988375926217263
4.0 0.7742700265765285
5.0 0.6626038927109463
6.0 0.3035585649028536
6.0 0.4523660261177598
7.0 0.29626752959543823
8.0 0.31795192438069964
9.0 0.8376048171903001
11.0 0.41172328901637467
12.0 0.2998813060425849
13.0 0.4342930956853197
15.0 0.2398833993888856
17.0 0.10076786393663528
20.0 0.3769371778702717
22.0 0.26259324389765504
25.0 0.056248742198635515
28.0 0.07725840976783238
32.0 0.3174503733801246
36.0 0.13798230778743004
41.0 0.4362941230712395
47.0 0.09235244925770991
53.0 0.021324285451925773
60.0 0.0243116422696672
67.0 0.25125015056596145
76.0 0.07867313645754193
86.0 0.008794887411803343
98.0 0.18376489877014734
111.0 0.11337331704045761
125.0 0.03714044365360136
142.0 0.0002216803484198504
161.0 0.23512557861752348
182.0 0.055025598390467945
206.0 0.14446472310117775
233.0 0.009621965764780471
264.0 0.009190566764425423
298.0 0.009378522415582902
338.0 0.14561824381266564
382.0 0.019746679125487332
433.0 0.0679769586787844
490.0 0.020533690599200627
554.0 0.0032916845715647014
627.0 0.022788201456099055
710.0 0.015872551490007325
803.0 0.07964278146739057
909.0 0.04703678473565409
1029.0 0.01836845059416914
1165.0 0.04582110227057923
1319.0 0.02670951458634252
1493.0 0.012577876529616061
1689.0 0.0037882248041101185
1912.0 0.039227423845128784
2164.0 0.012897544388347115
2450.0 0.015412479530599876
2773.0 0.022086074049746385
3139.0 0.016537701299614405
3552.0 0.006362552478005323
4021.0 0.015244226645964698
4551.0 0.005964398831825202
5151.0 0.008802575610295404
5831.0 0.006608787027821972
6599.0 0.015354165433057343
7470.0 0.002620130049043712
8455.0 0.011163671985851664
9570.0 0.012202216260438048
10832.0 0.015135047671607338
12260.0 0.009858567758906478
13877.0 0.010762664820226364
15707.0 0.013858633366728768
17778.0 0.002653378563179931
20122.0 0.008360472637288563
22776.0 0.00028287931491322027
25779.0 0.003983118278223952
29178.0 0.0015942394709236307
33026.0 0.000422037209175663
37381.0 0.000496875989028589
42311.0 0.006206919687475443
47890.0 0.0010809383131351602
54205.0 0.0023910567370379887
61353.0 0.0015069799313387477
69444.0 0.009749865653982726
78601.0 0.000996561251007888
88966.0 0.006867328892261715
100698.0 0.0059545098118434225
113977.0 0.0024999205767439747
129007.0 0.0040238622361870036
146019.0 0.001342554322559586
165274.0 0.00042756079171735184
187068.0 9.2849455457511e-08
211737.0 0.0016850813661470898
239658.0 0.000613041736582054
---
1.0 1.3411159026737622
1.0 0.40164946936300727
1.0 1.01201488560655
2.0 1.4248700829067606
2.0 0.49396565658364355
2.0 0.49473077627365325
2.0 1.3884661277630048
3.0 0.20365045933317938
3.0 0.2587574395208112
3.0 0.10427645737524072
4.0 1.375094940462856
4.0 0.21578340041023525
5.0 0.3684767619946605
6.0 0.2959717961233428
6.0 0.22505920203454677
7.0 0.29422711188870787
8.0 0.038533674161685516
9.0 0.12939161191278092
11.0 0.18392688053368378
12.0 0.4102492858974687
13.0 0.3299956218745199
15.0 0.2470480870991989
17.0 0.12430796251708665
20.0 0.16727665491321342
22.0 0.2287646346834915
25.0 0.16691861894971882
28.0 0.24946162777353442
32.0 0.044159376290787034
36.0 0.1197420407508285
41.0 0.2779287492479092
47.0 0.0967395233639261
53.0 0.04629242937671041
60.0 0.015430972830709155
67.0 0.08372744267861587
76.0 0.2528439335570266
86.0 0.06380900890645125
98.0 0.03050588224770523
111.0 0.05891313969307843
125.0 0.004865506127704533
142.0 0.004091369242655185
161.0 0.05705201337366317
182.0 0.057130800759221945
206.0 0.10108026208562437
233.0 0.08669525612285411
264.0 0.03147543324603741
298.0 0.06550675795187622
338.0 0.053020451892157094
382.0 0.03771566998299891
433.0 0.014735717089568112
490.0 0.03273255062533498
554.0 0.03053807394158059
627.0 0.051512657175208476
710.0 0.002956644564390265
803.0 0.009939031132137899
909.0 0.0086729746427755
1029.0 0.04382892257760007
1165.0 0.006491043121805262
1319.0 0.018902050305275142
1493.0 0.03836351747569111
1689.0 0.0043668798530756
1912.0 0.02207336614916744
2164.0 0.005356552437256745
2450.0 0.01914495716150788
2773.0 0.018030863844690215
3139.0 0.03581244626076441
3552.0 0.012466138384827019
4021.0 0.006017646532413878
4551.0 0.034045753364901454
5151.0 0.0335210530844916
5831.0 0.03139550558098092
6599.0 0.02001920589510875
7470.0 0.01374000124226793
8455.0 0.008307011343166248
9570.0 0.005046353489924327
10832.0 0.01586482834801095
12260.0 0.005623102134936886
13877.0 0.0009804793484249341
15707.0 0.0007756129513329935
17778.0 0.0071575913745860476
20122.0 0.0010611881550646185
22776.0 0.0006044605880743958
25779.0 0.0072235438571571775
29178.0 0.0011151420576597237
33026.0 0.0035056819678955797
37381.0 0.00895661547922022
42311.0 0.0001206693631443656
47890.0 0.005210013627004351
54205.0 0.004968317154630197
61353.0 0.003585088100112266
69444.0 0.0010565535132776027
78601.0 0.0002710625358255392
88966.0 0.0030708743326666177
100698.0 0.0015716836298642622
113977.0 0.0019835040695259654
129007.0 0.004024668306470414
146019.0 0.003478695370434215
165274.0 0.001275547152342682
187068.0 0.0008242755671232782
211737.0 8.044760545633522e-05
239658.0 0.001852601441920676
---
1.0 0.4876486529298041
1.0 0.155436849691988
1.0 0.0804345654808083
2.0 1.0151223339875513
2.0 0.37012860658333047
2.0 0.37319597416745554
2.0 0.2200437853683037
3.0 0.13018568363252347
3.0 0.40348736763066273
3.0 1.0828260230496753
4.0 0.17270986578072922
4.0 0.3212103138292134
5.0 0.9666877885027083
6.0 0.18166044430279982
6.0 0.5620232980204802
7.0 0.16275756574964184
8.0 0.22453835967458624
9.0 0.16893561866582218
11.0 0.1154242687510989
12.0 0.1269886692662272
13.0 0.7227968599268146
15.0 0.7549243991519139
17.0 0.19162630321261176
20.0 0.2588633778927505
22.0 0.043069259413911265
25.0 0.05162224556368478
28.0 0.20320275295969725
32.0 0.10054493626659688
36.0 0.0885624926223727
41.0 0.07390358959828647
47.0 0.032152034721480316
53.0 0.008515773380703084
60.0 0.09837183676075911
67.0 0.1203368222953225
76.0 0.1302363218096283
86.0 0.09407164568467952
98.0 0.04288869695585684
111.0 0.128101367776992
125.0 0.07059786084114406
142.0 0.033211410496564175
161.0 0.16232171174148424
182.0 0.0067343284271714765
206.0 0.14020704078114354
233.0 0.09047831430430842
264.0 0.07407407341591377
298.0 0.04040284593015353
338.0 0.04047684963661968
382.0 0.0722489836079041
433.0 0.0027717209328064207
490.0 0.017541009157265197
554.0 0.014770888893086642
627.0 0.0736933475927748
710.0 0.07023131744430544
803.0 0.0018515424667011615
909.0 0.04164304986419154
1029.0 0.024741823044059696
1165.0 0.03481244510766768
1319.0 0.02886314893859132
1493.0 0.05620078372888393
1689.0 0.0028954701298502528
1912.0 0.009940058097001936
2164.0 0.008260221084308128
2450.0 0.03117003518867456
2773.0 0.004390043440479552
3139.0 0.003743779375573686
3552.0 0.021611447879570367
4021.0 0.006274139702666104
4551.0 0.010386381159795954
5151.0 0.011836152805803968
5831.0 0.0015726793738168876
6599.0 0.004959610335211639
7470.0 0.008181789794872385
8455.0 0.01724399391132403
9570.0 0.004020180710562649
10832.0 0.022702406139766707
12260.0 0.002382095990294042
13877.0 0.006258634075582137
15707.0 0.0008507191517981294
17778.0 0.005868855966041808
20122.0 0.014044510859529957
22776.0 0.0014262085233613941
25779.0 0.004095810206810491
29178.0 0.0071556390817621995
33026.0 0.0021992091906899436
37381.0 0.0033700281486144235
42311.0 0.009795648549804081
47890.0 0.004515662111862495
54205.0 0.003212632372544988
61353.0 0.004948243500599414
69444.0 0.00533630271234653
78601.0 0.0028745035291618537
88966.0 0.004298093786975432
100698.0 0.003803125456688816
113977.0 0.0011693546137891975
129007.0 0.0010546953996779518
146019.0 0.0019637067755493565
165274.0 0.0036500987292433784
187068.0 0.0007442963760753152
211737.0 0.0025684698345684875
239658.0 0.0017549074488334426
---
1.0 0.18957395601368643
1.0 1.5998698508767626
1.0 1.0514182014796054
2.0 1.4361631220381437
2.0 0.31251738790296324
2.0 0.7936688584016214
2.0 1.0739009510275688
3.0 0.3413424287309148
3.0 0.48964982222967124
3.0 0.8659360101252069
4.0 0.8702710915622272
4.0 0.5545974417794598
5.0 0.17276322272453504
6.0 0.05410215652069139
6.0 0.13172643479191715
7.0 0.023292948687771875
8.0 0.16092885544046975
9.0 0.30075706378380573
11.0 0.09108248148190046
12.0 0.11760179688129124
13.0 0.10432564691387025
15.0 0.012831712055827782
17.0 0.17991387027292227
20.0 0.03560738182524781
22.0 0.2877030450301876
25.0 0.25856736196471863
28.0 0.09704380463359974
32.0 0.3155878239456953
36.0 0.13841730403279628
41.0 0.08222838642129071
47.0 0.0816827317725537
53.0 0.14994730940147183
60.0 0.1293247565426301
67.0 0.043505142781702144
76.0 0.15360264582622407
86.0 0.05601335759132742
98.0 0.05940892978569323
111.0 0.36114964033029007
125.0 0.0004662054015824868
142.0 0.08580542182084039
161.0 0.01111730965642499
182.0 0.12248953288926834
206.0 0.017363926550779674
233.0 0.07277094848800347
264.0 0.10853260905711704
298.0 0.007919621366135443
338.0 0.07087999149570035
382.0 0.07029876953359993
433.0 0.029798440825260286
490.0 0.029646828426388216
554.0 0.03857530272917353
627.0 0.04085401934880928
710.0 0.08798402681232675
803.0 0.04056887321870384
909.0 0.003993079867554705
1029.0 0.044666240948702196
1165.0 0.016543243954175724
1319.0 0.030798761908910732
1493.0 0.01130512736893352
1689.0 0.02280142899702109
1912.0 0.01724437467287654
2164.0 0.03007204436364419
2450.0 0.037302760563650006
2773.0 0.008015831684557995
3139.0 0.012782465654885167
3552.0 0.0032493733508920375
4021.0 0.004908787130841419
4551.0 0.017335211590493116
5151.0 0.011853834199126223
5831.0 0.011505344250171357
6599.0 0.01164784948946107
7470.0 0.021501199472143018
8455.0 0.0106607045495819
9570.0 0.004227395822697155
10832.0 0.003363026635487598
12260.0 0.008655394645973535
13877.0 0.006403810406910848
15707.0 0.001471858546567839
17778.0 0.00887795436635841
20122.0 0.01555172369600033
22776.0 6.559526633287405e-05
25779.0 0.0029418288694729178
29178.0 0.011170236194416594
33026.0 0.008828163717269577
37381.0 0.00021601828815176471
42311.0 0.005119049771640682
47890.0 0.006138615821297488
54205.0 0.0030609429539842914
61353.0 0.004719438783102992
69444.0 0.0038354144084777886
78601.0 0.009788689647147741
88966.0 0.00022134536400264526
100698.0 0.0016773182333094105
113977.0 0.001399989654332634
129007.0 0.0017527508189356666
146019.0 0.0017469082879832953
165274.0 0.0013427308350715261
187068.0 0.000193215404861391
211737.0 0.002924009170117259
239658.0 0.0019508727561997619
---
1.0 0.9964166215892407
1.0 1.310975199768484
1.0 1.5296144249194028
2.0 0.18329827993508374
2.0 0.14982308045255022
2.0 0.4121065677846889
2.0 0.6997141646083858
3.0 0.7490135947471268
3.0 1.2839881916491134
3.0 0.3443701921041582
4.0 0.004146533553411325
4.0 0.023272383276993436
5.0 1.2581403537132974
6.0 0.6416395942042417
6.0 1.128436618034288
7.0 0.5355862503439552
8.0 0.7177237812433228
9.0 0.26453191346043514
11.0 0.38027743604727826
12.0 0.1179970853045198
13.0 0.11249689693769316
15.0 0.058519582630509825
17.0 0.27791056089090915
20.0 0.19585404687102836
22.0 0.0623983388348992
25.0 0.12640185646021118
28.0 0.010668179292959046
32.0 0.113755681204738
36.0 0.09728872586357828
41.0 0.11639832846608034
47.0 0.04200112064030226
53.0 0.1265033775051403
60.0 0.013098380738777893
67.0 0.0148480334199812
76.0 0.0034281937806109886
86.0 0.05864582549667907
98.0 0.06866277617049077
111.0 0.08442674969798503
125.0 0.007443994218748973
142.0 0.0547394630819833
161.0 0.15541621971361996
182.0 0.0833593721657182
206.0 0.0903840740739228
233.0 0.14847114839580677
264.0 0.09974508958347772
298.0 0.09189315499622686
338.0 0.051739065373251125
382.0 0.06334814431320124
433.0 0.02850724873126942
490.0 0.024599671016731106
554.0 0.004987835680368535
627.0 0.0163799597377825
710.0 0.002584997137481615
803.0 0.03731598301222383
909.0 0.009232449195796355
1029.0 0.02427469921405656
1165.0 0.0534325205056545
1319.0 0.01044408857932555
1493.0 0.024121155363801883
1689.0 0.01238174613954346
1912.0 0.019208367671228466
2164.0 0.04190145308121629
2450.0 0.008193177538724061
2773.0 0.013249972380182662
3139.0 0.010909183779560738
3552.0 0.008766459246118963
4021.0 0.03832581235472532
4551.0 0.011674048626100886
5151.0 0.0006910792853555003
5831.0 0.013544609559889564
6599.0 0.006533311326860081
7470.0 0.01232048421505283
8455.0 0.008828924917686942
9570.0 0.027887097851493237
10832.0 0.018341377082879973
12260.0 0.007844339212869311
13877.0 0.004163062971185294
15707.0 0.003352515019964364
17778.0 0.004258196092830069
20122.0 0.004830638847630797
22776.0 0.0006854939821552275
25779.0 0.003779561876950166
29178.0 0.0023929311060904013
33026.0 0.0077707737317922465
37381.0 0.012309246240754357
42311.0 0.0019165384143364772
47890.0 0.0004735055259730281
54205.0 0.0035668072769885484
61353.0 0.005784405680139937
69444.0 0.0051562018179880376
78601.0 0.002257439937057182
88966.0 0.0014613824572233813
100698.0 0.003896216912975925
113977.0 0.0042299635022446935
129007.0 0.006863743867045025
146019.0 0.0008782026418856503
165274.0 0.0013901388010078009
187068.0 0.0004048751426681818
211737.0 0.0003302215101045336
239658.0 0.001831359960153156
---
1.0 0.44133449559446536
1.0 0.6973650426779736
1.0 0.7232960134867097
2.0 0.6988752521568061
2.0 0.39490749700661487
2.0 0.7851783216415238
2.0 0.10359882027931411
3.0 0.820920502765893
3.0 1.1496581577951255
3.0 0.16417099721541184
4.0 0.2552102139647836
4.0 0.5506714910045452
5.0 0.6893246242598519
6.0 0.16048490777030944
6.0 0.5494393378503344
7.0 0.12355337982278303
8.0 0.10643330349662672
9.0 0.32708437297579707
11.0 0.717770113986762
12.0 0.5405613885927734
13.0 0.223150760860654
15.0 0.3246868762779851
17.0 0.013439339961917707
20.0 0.10357928856351295
22.0 0.045518808526320065
25.0 0.3620032039169423
28.0 0.011531129866086065
32.0 0.23807837951038135
36.0 0.11728672801090789
41.0 0.11776345766629692
47.0 0.15127394103181446
53.0 0.13907177492088896
60.0 0.16646935594769885
67.0 0.26559954798566143
76.0 0.03528316132126541
86.0 0.022962856935866638
98.0 0.06485515730273206
111.0 0.17646080165636802
125.0 0.07517529479972163
142.0 0.08663945094224346
161.0 0.05092905907640288
182.0 0.020610452911399735
206.0 0.010397563326814074
233.0 0.008235134691672474
264.0 0.0499585647017704
298.0 0.054385888549165484
338.0 0.10990077748154903
382.0 0.008862724978533354
433.0 0.03472792504862243
490.0 0.04960683459039439
554.0 0.009349210446668366
627.0 0.050013430996270425
710.0 0.014832208599506513
803.0 0.04134737823476298
909.0 0.017215638088925234
1029.0 0.02638819852774399
1165.0 0.02978014540052465
1319.0 0.023322412306601148
1493.0 0.0050071501023841725
1689.0 0.019557970288506255
1912.0 0.02569754887895037
2164.0 0.0004235697244663328
2450.0 0.0031668033695109177
2773.0 0.024785283950064407
3139.0 0.019150558145182295
3552.0 0.013762300915009185
4021.0 0.023681194479086454
4551.0 0.010274886660506799
5151.0 0.0020637948290742614
5831.0 0.007241472098486135
6599.0 0.0051843118241472474
7470.0 0.029161950981543505
8455.0 0.01847675618203004
9570.0 0.01808031548963962
10832.0 0.00023807187360569415
12260.0 0.002513383538121694
13877.0 0.0032169762734397533
15707.0 0.004853522183245307
17778.0 0.0019236810964535778
20122.0 0.006466555488661929
22776.0 0.012974148151953191
25779.0 0.0001476643844895431
29178.0 0.0016005622186152646
33026.0 0.008260304223391302
37381.0 0.004867920424543204
42311.0 0.002435624774653089
47890.0 0.004754787581291442
54205.0 0.0040531000419542496
61353.0 0.0027406860541910882
69444.0 0.0030209705746336857
78601.0 0.001166439965513577
88966.0 0.005776978319273818
100698.0 0.0011744633220647227
113977.0 0.001779292133967214
129007.0 0.0018928155137772906
146019.0 0.0018385275085037733
165274.0 0.0020112599367656525
187068.0 0.0006913634094538601
211737.0 0.0008172575831443263
239658.0 0.0012153115666588832
---
1.0 0.4401636343173707
1.0 1.1957612222951268
1.0 0.01698590797369892
2.0 0.4397289093537764
2.0 1.5214162728653955
2.0 0.2190478106448065
2.0 0.8337784636313315
3.0 0.09713262405560541
3.0 0.4091310976484308
3.0 0.7952817817665861
4.0 0.3095310480113549
4.0 0.03916260040358388
5.0 0.0561948027496908
6.0 0.2218229168041025
6.0 0.5192100579359771
7.0 0.28430692900092136
8.0 0.7275855623088077
9.0 0.02650560735485774
11.0 0.7465350668412407
12.0 0.2352332365962746
13.0 0.057423065270532314
15.0 0.17406080279952274
17.0 0.15770033322917154
20.0 0.007926573321994534
22.0 0.2649588774256115
25.0 0.23261626613584618
28.0 0.10701457127784164
32.0 0.17106991582799147
36.0 0.12325943330458655
41.0 0.15728522400753087
47.0 0.22066007566331414
53.0 0.13950303878810866
60.0 0.18612413394647997
67.0 0.09271064052605338
76.0 0.07355519235812236
86.0 0.0796602265748182
98.0 0.007551862936201026
111.0 0.06621855970144952
125.0 0.02326184620728633
142.0 0.08150347082483522
161.0 0.004613463557791464
182.0 0.07339811590335432
206.0 0.07565743817422721
233.0 0.08153189079162071
264.0 0.01460950331159272
298.0 0.006018413709035331
338.0 0.016839639679748775
382.0 0.11094107179441337
433.0 0.09626708878472767
490.0 0.010989549834468093
554.0 0.04510847598371481
627.0 0.014115914371928495
710.0 0.03964650070845521
803.0 0.09527343987213521
909.0 0.013612984373458037
1029.0 0.02797127690998913
1165.0 0.0415517317011429
1319.0 0.005592741248964028
1493.0 0.035368434814919025
1689.0 0.010575422013155311
1912.0 0.053912747701887254
2164.0 0.04861064861116926
2450.0 0.002356279520304483
2773.0 0.0380293531935203
3139.0 0.005779681381513524
3552.0 0.015392470224162014
4021.0 0.0031688054562288848
4551.0 0.012903190655397578
5151.0 0.0032073352947137312
5831.0 0.003932232484274989
6599.0 0.015950691460017596
7470.0 0.0010302691018089227
8455.0 0.0005615810967534163
9570.0 0.017659705988417596
10832.0 0.005167143947204522
12260.0 0.005941867755411612
13877.0 0.002447328250850478
15707.0 0.008978385678507728
17778.0 0.008569399126851396
20122.0 0.0030605147788020926
22776.0 0.006649321557167243
25779.0 0.0015791680787273776
29178.0 0.001702510040594074
33026.0 0.0012784852437356387
37381.0 0.007796795051872696
42311.0 0.0015065988249263196
47890.0 0.005658168273434461
54205.0 0.005449471850834442
61353.0 0.004989752235773026
69444.0 0.002165179253326155
78601.0 0.002158537170955044
88966.0 0.0013535487528233414
100698.0 0.0013789922017786171
113977.0 0.0036846118934252825
129007.0 0.0012158681907976643
146019.0 0.002768605321472384
165274.0 0.0012046505752332237
187068.0 0.002111024841637499
211737.0 0.0008340407522665627
239658.0 0.003346177826834218
---
1.0 1.3572418360932708
1.0 0.7454775235816188
1.0 1.3572418360932708
2.0 0.7831557773756501
2.0 0.03922635769842553
2.0 0.6848154749594642
2.0 1.5511983215271359
3.0 0.04539637966404131
3.0 0.25717134208680426
3.0 0.7670148606775689
4.0 0.050261261339307195
4.0 0.10401498908634021
5.0 0.6684056002748129
6.0 1.0426564392243645
6.0 0.09061225428545461
7.0 0.6875748347084464
8.0 0.6603443041775237
9.0 0.4717555937436898
11.0 0.0825171277649891
12.0 0.5148512587804057
13.0 0.04984170227945861
15.0 0.4652696183254734
17.0 0.3185968578985654
20.0 0.3813759786105687
22.0 0.2656142923050314
25.0 0.257452126174885
28.0 0.06928700604876004
32.0 0.2005489966955194
36.0 0.02251652006089544
41.0 0.10925851853267632
47.0 0.25440389430725663
53.0 0.1188281688085564
60.0 0.024109170108700617
67.0 0.03278478728597278
76.0 0.024816178201594097
86.0 0.04053309429059926
98.0 0.2527292891500814
111.0 0.017218636061487436
125.0 0.022224507637501834
142.0 0.03595524313593623
161.0 0.03141404570228867
182.0 0.010662633867406512
206.0 0.055548323947576694
233.0 0.09560274512325428
264.0 0.07206277795488147
298.0 0.027731933581655266
338.0 0.052409108531559445
382.0 0.046494742647985365
433.0 0.04340454492298673
490.0 0.009490330966523741
554.0 0.027648449483165027
627.0 0.010063578127040618
710.0 0.038676173727762775
803.0 0.005387477257906337
909.0 0.004615041549869137
1029.0 0.002333357117522139
1165.0 0.04562177148537716
1319.0 0.012198298782198247
1493.0 0.009396629462384176
1689.0 0.048246369208290396
1912.0 0.013280373033035753
2164.0 0.0034356840742398864
2450.0 0.014251999552411743
2773.0 0.016998762179259774
3139.0 0.027826439395590596
3552.0 0.028362352994278694
4021.0 0.010941518670359418
4551.0 0.0031615559258508785
5151.0 0.015551516094889029
5831.0 0.011740479238826484
6599.0 0.007024386291820672
7470.0 0.02419370828034695
8455.0 0.0017082265380639061
9570.0 0.0024082969138541355
10832.0 0.010707916130801243
12260.0 0.004686257097692659
13877.0 0.0005117426375418344
15707.0 0.0010953777853761615
17778.0 0.006412583025756646
20122.0 0.0003571343131190119
22776.0 0.009899394170538978
25779.0 0.01007132338232597
29178.0 0.006947864954253369
33026.0 0.007222228865649827
37381.0 0.005458053163313048
42311.0 0.0010657851313232714
47890.0 0.004348300301940888
54205.0 0.004532693203179061
61353.0 0.0026674024743500446
69444.0 0.0007982466134007771
78601.0 0.0038457562759928177
88966.0 0.004347466122203714
100698.0 0.0021799309069305828
113977.0 0.0019210727800507144
129007.0 0.0009277880566243013
146019.0 0.003869620879133784
165274.0 0.0030491675133390572
187068.0 0.0008706322025864299
211737.0 0.0005125573907784897
239658.0 0.002323619623006312
---
1.0 0.33655271922860697
1.0 0.8717090856267498
1.0 1.8757318404323164
2.0 0.007604855619162798
2.0 2.3412100100445485
2.0 0.7494788294548258
2.0 0.1146254005527616
3.0 1.6128922844502624
3.0 0.46334462677262866
3.0 0.20631206725495155
4.0 0.35092389298271054
4.0 0.28327541051883465
5.0 0.6480194083326429
6.0 0.000420169202718812
6.0 0.6426082596690474
7.0 0.13564298480330628
8.0 0.8116994284320982
9.0 0.10790023826535156
11.0 0.34151428509384174
12.0 0.3918710604667477
13.0 0.20260781291638763
15.0 0.17510926424872209
17.0 0.4699935624137783
20.0 0.5127541406879099
22.0 0.2406501347123733
25.0 0.33811950914738764
28.0 0.08121667682054934
32.0 0.18253419712662988
36.0 0.1775420086124282
41.0 0.09313222260083487
47.0 0.09433422199957286
53.0 0.14030282595567112
60.0 0.283983562780753
67.0 0.0215389865876372
76.0 0.06734148605904289
86.0 0.189629362970827
98.0 0.05432227253483646
111.0 3.179792426233341e-05
125.0 0.1578245508296796
142.0 0.1094692811522806
161.0 0.15644232483412446
182.0 0.11126972721587047
206.0 0.053027267117496946
233.0 0.0032472848398477083
264.0 0.0025483065764911883
298.0 0.04589077172566247
338.0 0.05255886706363433
382.0 0.04075911993536652
433.0 0.0010003003910448172
490.0 0.01871231099866799
554.0 0.02672495535077979
627.0 0.09012148180955226
710.0 0.001600304958968346
803.0 0.10945969776140152
909.0 0.026068020222070443
1029.0 0.07548731131582398
1165.0 0.013983003147086004
1319.0 0.028029053791526426
1493.0 0.016957247123494446
1689.0 0.0022141315424422103
1912.0 0.009944885827394945
2164.0 0.0037099039468739825
2450.0 0.016814217557271527
2773.0 0.0031494106967615565
3139.0 0.021280607761981374
3552.0 0.019340789187417995
4021.0 0.007713254220246046
4551.0 0.001979823741756981
5151.0 0.014950216100270808
5831.0 0.010155623849546491
6599.0 0.0011407097518472131
7470.0 0.0029323858900485167
8455.0 0.009192522887256471
9570.0 0.010185248508199019
10832.0 0.01789239597802217
12260.0 0.006373061541935954
13877.0 0.019527704798419254
15707.0 0.006688113424053288
17778.0 0.005368818122621244
20122.0 0.0019397900523312472
22776.0 0.0037487746785296316
25779.0 0.011257659769860928
29178.0 0.007544060765304117
33026.0 0.0005132742745790342
37381.0 0.0009774921867886643
42311.0 0.004066144017131235
47890.0 0.008956417210502554
54205.0 0.004454350225683967
61353.0 0.0007631250225241804
69444.0 0.004273281192425538
78601.0 0.0003379704255297433
88966.0 0.002614226222663163
100698.0 0.0029827941961215743
113977.0 0.0013830268168510962
129007.0 0.001532386550260334
146019.0 0.00585487951722774
165274.0 0.0018285393038421915
187068.0 0.002565434151274637
211737.0 0.005957770197117185
239658.0 0.0002800156330721171
---
1.0 0.32198838875612057
1.0 0.43844004949074367
1.0 1.3212360831247545
2.0 0.23294239499778824
2.0 0.3344056933209538
2.0 0.36490452398625317
2.0 0.1197254871073401
3.0 0.23320471526872577
3.0 0.2640556118247597
3.0 0.7005078631207442
4.0 0.49097004420487056
4.0 1.1503462683571204
5.0 0.637420185553341
6.0 1.2308391397354792
6.0 0.30623970798534983
7.0 0.16689200858695075
8.0 0.2690042638881165
9.0 0.4130669122584134
11.0 0.06979279793888793
12.0 0.10260547872593728
13.0 0.6516067323910171
15.0 0.07169775842803694
17.0 0.1386893332093413
20.0 0.5368191796295188
22.0 0.14414045087209293
25.0 0.08717055444448318
28.0 0.09873460537908407
32.0 0.25828704629427346
36.0 0.042162089430524574
41.0 0.008907435587916401
47.0 0.2866769595758384
53.0 0.1887560056170383
60.0 0.09542663547843944
67.0 0.19627475145460327
76.0 0.2225928604923486
86.0 0.12428902285911292
98.0 0.02926773424044471
111.0 0.07205973893886286
125.0 0.15331011479315837
142.0 0.10622913114671273
161.0 0.03799598812048788
182.0 0.11659272867347026
206.0 0.16844024724570517
233.0 0.029229571321587766
264.0 0.10590787457875961
298.0 0.008952086657453728
338.0 7.35625080915403e-05
382.0 0.044130385697415786
433.0 0.005671782303751982
490.0 0.0010071408266205673
554.0 0.02593838590057085
627.0 0.024742596793966953
710.0 0.01266423921076798
803.0 0.034769609785696654
909.0 0.027680152004706526
1029.0 0.02416312054310854
1165.0 0.0016086801617004598
1319.0 0.019047140836645937
1493.0 0.043900516715542626
1689.0 0.0016263758499428516
1912.0 0.015195667564908533
2164.0 0.009806818054079125
2450.0 0.05603521272537826
2773.0 0.017641924861803604
3139.0 0.004500123092546104
3552.0 0.009650802848506279
4021.0 0.035975609679727905
4551.0 0.022931598286634047
5151.0 0.021228973200625667
5831.0 0.004171302593168225
6599.0 0.001984460954463696
7470.0 0.013887259578910793
8455.0 0.0010696037404509529
9570.0 0.025730664823641836
10832.0 0.005688969357144913
12260.0 0.008903797164466543
13877.0 0.005567345112997835
15707.0 0.004126045670133305
17778.0 0.004888774349392944
20122.0 0.0016463693465548213
22776.0 0.002917255892943116
25779.0 3.3378709830889086e-05
29178.0 0.009486049775788707
33026.0 0.004725371000975809
37381.0 0.0013314785294198384
42311.0 0.00011663160149577578
47890.0 0.0009279247179545536
54205.0 0.007186018978514008
61353.0 0.00496531690248514
69444.0 0.004672713365578174
78601.0 0.0007769123796459443
88966.0 0.0038228285159630504
100698.0 0.0037019662877300075
113977.0 0.005954302048660098
129007.0 0.0007344895065035661
146019.0 0.0003505260464058413
165274.0 0.004456730874194292
187068.0 0.0034783416797473654
211737.0 0.004020869575751318
239658.0 0.0006953856470908182
---
1.0 2.0243398915016013
1.0 1.4915877087117861
1.0 1.8808224823957502
2.0 0.5593737008966556
2.0 0.4617931032885857
2.0 1.3676043394463657
2.0 0.9316638367364176
3.0 0.49745136455337513
3.0 0.35178009313632874
3.0 0.07542979877532519
4.0 0.5145226032332852
4.0 0.9942165346025678
5.0 0.21855524630493672
6.0 0.3210686722685885
6.0 0.6727994997555263
7.0 0.41685800245342475
8.0 0.2387486540688848
9.0 0.38535977202871097
11.0 0.5442105130420154
12.0 0.052917320834850234
13.0 0.04650397619162927
15.0 0.40879296791425546
17.0 0.23635872191780138
20.0 0.5955194939470497
22.0 0.07703571873129
25.0 0.378783738337106
28.0 0.2258811156920797
32.0 0.4920743305136086
36.0 0.26394890135893156
41.0 0.12195265732942695
47.0 0.14940055988671186
53.0 0.04805218319922666
60.0 0.041444181608081276
67.0 0.06024792235947585
76.0 0.03862903351682756
86.0 0.0513001438665357
98.0 0.06992328731296693
111.0 0.08892039465766022
125.0 0.06951273896766796
142.0 0.049966582287844674
161.0 0.049648882956432994
182.0 0.05919934763332224
206.0 0.13960874571227966
233.0 0.0314096293699645
264.0 0.058966627095365376
298.0 0.05134053207657363
338.0 0.040340225281597863
382.0 0.01097651768074126
433.0 0.038494669970864814
490.0 0.0030377232254132913
554.0 0.06167211285450436
627.0 0.09687705113305078
710.0 0.043181472934693654
803.0 0.06443811655936615
909.0 0.006727649785276735
1029.0 0.02976794528981319
1165.0 0.03542065057692734
1319.0 0.009312025970178217
1493.0 0.047376074802941814
1689.0 0.02245568516651364
1912.0 0.04434633237900942
2164.0 0.024537986463215145
2450.0 0.032449798403133334
2773.0 0.0023697225495413754
3139.0 0.021804812070033375
3552.0 0.00702600752532867
4021.0 0.0488455078511838
4551.0 0.0005075683152166999
5151.0 0.010172777143570677
5831.0 0.02651385496743508
6599.0 0.02665098655270426
7470.0 0.01411803688782054
8455.0 0.01592749199485266
9570.0 0.009819774207482368
10832.0 0.0037429177889762855
12260.0 0.024426559739284537
13877.0 0.004251703184516176
15707.0 0.017846256931998594
17778.0 0.005663981200918489
20122.0 0.014585233183853408
22776.0 0.00028322208504649726
25779.0 0.0005444035698228822
29178.0 0.003408182176022123
33026.0 0.007875257213806774
37381.0 0.001586450777219195
42311.0 0.0008155976446538871
47890.0 0.003549381137069707
54205.0 0.0038355425299387846
61353.0 0.000507696186830553
69444.0 0.004299922911372933
78601.0 0.001489541995684851
88966.0 0.00048588317700160033
100698.0 0.003867844292551048
113977.0 0.0019496931791962435
129007.0 0.001266236124474851
146019.0 0.00044833880044903296
165274.0 0.0035957533344035397
187068.0 0.001641267703396343
211737.0 0.0024105182890152843
239658.0 0.0008764074949989542
---
1.0 2.178471223916146
1.0 1.3493925359141254
1.0 1.3493925359141254
2.0 1.1546000980623854
2.0 2.0507225395113977
2.0 0.7179753206312176
2.0 1.5105550979765356
3.0 0.43517928692410035
3.0 0.3785487586565366
3.0 0.025810262907136172
4.0 0.255109518522731
4.0 0.8315989795321199
5.0 0.38394464241202275
6.0 0.3265469046106386
6.0 0.19163006906475089
7.0 0.22345341002175412
8.0 0.6123095436590413
9.0 0.3413581270647005
11.0 0.288770762268723
12.0 0.050626040859225174
13.0 0.8393946268705206
15.0 0.009829377605918621
17.0 0.3988896594078474
20.0 0.36998133074213213
22.0 0.004544195834156328
25.0 0.1828102917571066
28.0 0.34638090577622305
32.0 0.23304190869344477
36.0 0.018888685338937616
41.0 0.048027419625690015
47.0 0.1600684528949723
53.0 0.11662490395269809
60.0 0.18265243503025896
67.0 0.0031137031675383398
76.0 0.06279341902189128
86.0 0.14012637510180892
98.0 0.04973918457526705
111.0 0.06536290309357651
125.0 0.052716175249802544
142.0 0.06809872334806855
161.0 0.1208500463928619
182.0 0.02960242678336389
206.0 0.003117516474834936
233.0 0.17165146075647497
264.0 0.03262212605353709
298.0 0.09831871618647958
338.0 0.09430571209214222
382.0 0.028608744830088684
433.0 0.05701787662823987
490.0 0.025138888255091807
554.0 0.009495293079169187
627.0 0.005001713756003223
710.0 0.025914911638908356
803.0 0.005371874662241871
909.0 0.04633558984076591
1029.0 0.020260856112910286
1165.0 0.025922354068980802
1319.0 0.013609771676535543
1493.0 0.004429162704034706
1689.0 0.013232773039176582
1912.0 0.06067659758268906
2164.0 0.011801579681484098
2450.0 0.001977816865478932
2773.0 0.02575326141173373
3139.0 0.00030228734616999375
3552.0 0.010884845525485076
4021.0 0.029058378741975588
4551.0 0.007654251717097993
5151.0 0.010756222095090973
5831.0 0.009586499658545078
6599.0 0.0016431025783587572
7470.0 0.015959790778737437
8455.0 0.0191532806087773
9570.0 0.006756344386792623
10832.0 0.004786955907966073
12260.0 0.0082354962299096
13877.0 0.0034942640054067553
15707.0 0.0015683937097628053
17778.0 0.00754141179541179
20122.0 0.002254460656595958
22776.0 0.00017562884642341459
25779.0 0.0012993557984439796
29178.0 0.0053847021295732045
33026.0 0.003356531392591844
37381.0 0.0016029208126332462
42311.0 0.003972524918512299
47890.0 0.0018177240785981486
54205.0 0.0007570662404172701
61353.0 0.009185754080722974
69444.0 0.002121327000825013
78601.0 0.0015729810730118476
88966.0 0.0003638410788386892
100698.0 0.0038171819578887156
113977.0 0.0026760306745690077
129007.0 0.0009426508655746568
146019.0 0.002746976183452765
165274.0 0.00521654470181665
187068.0 0.0037856767314625728
211737.0 0.0005798413359294763
239658.0 0.004753159347828717
---
