1.0 0.2968974116449934
1.0 1.4399023858777245
1.0 0.7550018187908449
2.0 0.44667731683979306
2.0 0.3113434145152041
2.0 0.07334652292653154
2.0 0.29406674438000524
2.0 0.603531870063506
3.0 0.06090625893471491
3.0 0.7290963322584301
3.0 0.11356901102588046
4.0 1.3931815746878353
4.0 0.3774483752771802
5.0 1.0163555322539746
5.0 0.3822946754276755
6.0 0.12700649164065692
7.0 0.7741106442456043
7.0 0.4965519534941274
8.0 0.9018682471070197
9.0 1.129422267578647
10.0 0.2597076599501281
12.0 0.38766601290339175
13.0 0.8185607926799565
14.0 0.41017112150749035
16.0 0.16931730962215719
18.0 0.25877745531330765
20.0 0.7887806385429039
22.0 0.5509837116895651
25.0 0.18410171573542633
28.0 0.3835565103809633
31.0 0.035860566483212786
35.0 0.11781679216477114
39.0 0.2982342748422899
44.0 0.15953315794849443
49.0 0.16248654950062635
55.0 0.01885491437130482
61.0 0.23949027499369002
68.0 0.011543626639227256
76.0 0.1042838102209217
85.0 0.015468368083508377
95.0 0.04763762671500049
106.0 0.12368149694706176
119.0 0.15075305884547152
133.0 0.1122442297664562
148.0 0.0801082548420664
166.0 0.21200627547792017
185.0 0.20552882289387253
207.0 0.14336557116724546
231.0 0.019943736229837694
259.0 0.0007920406758464837
289.0 0.056459068569733706
323.0 0.036422176697664455
361.0 0.053872218650735215
403.0 0.0033202825984586237
451.0 0.0806584808716797
504.0 0.009599062244453727
563.0 0.047034734949991996
629.0 0.03344853889369226
703.0 0.01676702796683127
785.0 0.016205576730936477
878.0 0.03899404680434504
981.0 0.005463716996796375
1096.0 0.053971421117181784
1225.0 0.10448386241349938
1369.0 0.05660165555150898
1530.0 0.030549576572082016
1709.0 0.02283686315575517
1910.0 0.0652476040044151
2135.0 0.07545482206004972
2385.0 0.04815543671601619
2666.0 0.006523467247320891
2979.0 0.04838649527312566
3329.0 0.009836168355309427
3720.0 0.04239431552825401
4157.0 0.013454683798598821
4646.0 0.011774845272976786
5192.0 0.0034657160058289005
5802.0 0.013618621038679724
6484.0 0.02533460082981931
7245.0 0.026754384468369086
8097.0 0.0025348391842165974
9048.0 0.005326325447724267
10111.0 0.016408900100463697
11300.0 0.0230112783470956
12627.0 0.01037535852334659
14111.0 0.021971984190268246
15769.0 0.001359872708094123
17622.0 0.017814648504362873
19693.0 0.010659568967128052
22007.0 0.0076468090924437515
24593.0 0.00031429438605568016
27483.0 0.002795289992534755
30713.0 0.011254524286215428
34322.0 0.0012159537608804616
38355.0 0.0027207716934594117
42862.0 0.010683856350152343
47899.0 0.003105482786685654
53527.0 0.0013382560267458654
59817.0 0.0003320480494053424
66846.0 0.01760807444616974
---
1.0 0.3743625033177531
1.0 1.05270079647627
1.0 2.636561360524614
2.0 0.5442574553332531
2.0 0.6836021456711716
2.0 0.15534252055821485
2.0 1.7323366674039464
2.0 1.4204815131252726
3.0 0.34908763838234436
3.0 0.5627445275831027
3.0 0.8774528712896268
4.0 1.206545371670923
4.0 0.46908213433137536
5.0 0.10616024126961299
5.0 1.0303614228146136
6.0 0.5406419394866349
7.0 0.2064970230139871
7.0 0.27556524002876703
8.0 0.24459118624465415
9.0 0.4833403447440109
10.0 0.22715035430684982
12.0 0.2169809217165648
13.0 0.030802842501348904
14.0 0.24891988175486812
16.0 0.9221622024386013
18.0 0.146504730468616
20.0 0.7104924665045866
22.0 0.3094549098221788
25.0 0.36738226023960485
28.0 0.018097919826455255
31.0 0.6398504512789538
35.0 0.034011205088984475
39.0 0.022600483931588533
44.0 0.10946589192691203
49.0 0.5071214357956744
55.0 0.026806520615609397
61.0 0.0012349827424601445
68.0 0.12004455492734556
76.0 0.3737528272483761
85.0 0.053951796345072855
95.0 0.10496870126285818
106.0 0.016122862308107333
119.0 0.09751167648541537
133.0 0.3177275364110712
148.0 0.03833697068299735
166.0 0.09861936693592788
185.0 0.11727167315456355
207.0 0.1456028992444931
231.0 0.02229867131290697
259.0 0.0770695907568768
289.0 0.029990392487683204
323.0 0.0799668307376391
361.0 0.13388241116306565
403.0 0.14608347419476875
451.0 0.03947890140464727
504.0 0.0807819442995128
563.0 0.019567891275539262
629.0 0.0604469196127464
703.0 0.03132006332601245
785.0 0.01307330105806015
878.0 0.04622513969039832
981.0 0.030943681176044402
1096.0 0.059392576334401204
1225.0 0.03632207312228086
1369.0 0.02779563642613203
1530.0 0.07642847019443355
1709.0 0.006692081965419483
1910.0 0.008373249235697822
2135.0 0.04896377517891626
2385.0 0.002030317835314488
2666.0 0.02199907531718992
2979.0 0.040829923966050785
3329.0 0.06464440757857082
3720.0 0.016196416172366668
4157.0 0.029913093330995788
4646.0 0.001947443385321268
5192.0 0.03545118289336546
5802.0 0.013149948791370214
6484.0 0.0009707515921011378
7245.0 0.02092121988137441
8097.0 0.025640419125206426
9048.0 0.02549505806691854
10111.0 0.0029730159098256825
11300.0 0.010492975251682912
12627.0 0.007520735959063107
14111.0 0.0068216648137184865
15769.0 0.015577706172671846
17622.0 0.00031683349690991847
19693.0 0.01661365927554037
22007.0 0.011504773255429201
24593.0 0.005832958795369159
27483.0 0.013772806998096465
30713.0 0.006762767242154855
34322.0 0.007337126525574833
38355.0 0.0007189834684453444
42862.0 0.0012914779669436216
47899.0 0.019368357397169467
53527.0 0.002252536860066545
59817.0 0.004832505524790642
66846.0 0.007977472368676297
---
1.0 0.29824377439348027
1.0 0.5313223262788548
1.0 2.1535949264246597
2.0 1.0314581836388754
2.0 0.7792567099478604
2.0 0.8441815984246479
2.0 1.052967826196368
2.0 0.4087784927162128
3.0 2.0133635286502116
3.0 0.505860829108064
3.0 1.4422539280377635
4.0 0.2734874383173178
4.0 1.3897872457432923
5.0 1.6797793433513017
5.0 0.17466646723546253
6.0 1.0168449204822227
7.0 1.0675978562558426
7.0 0.6980863767500798
8.0 0.1664258344933267
9.0 0.35710407376869213
10.0 0.2239276600955702
12.0 0.8101841507489822
13.0 0.5580981351355725
14.0 0.05329360896603341
16.0 0.3652911182294891
18.0 0.028969087721603337
20.0 0.16261176103077402
22.0 0.1867437851048359
25.0 0.5540869433854252
28.0 0.16592730833011715
31.0 0.08548919779480935
35.0 0.21687019691902398
39.0 0.06278457662987513
44.0 0.465189517865531
49.0 0.1923701504626738
55.0 0.005155911458700313
61.0 0.027100638766728746
68.0 0.004663326906203746
76.0 0.2824801784526869
85.0 0.0653791076542295
95.0 0.0847986887849379
106.0 0.06643587843874998
119.0 0.12157313247528978
133.0 0.17910132819127345
148.0 0.041404944104217134
166.0 0.06391797525656395
185.0 0.12174385662098297
207.0 0.17249663396791282
231.0 0.18355166813770007
259.0 0.08284158204362169
289.0 0.16433621408293453
323.0 0.036674254849665466
361.0 0.10143360860690787
403.0 0.07421065298114637
451.0 0.13170759899821172
504.0 0.13363761070636726
563.0 0.03694075361831839
629.0 0.03724157416695695
703.0 0.0052391732686624115
785.0 0.04486068346845573
878.0 0.019096102476254373
981.0 0.03442703611380171
1096.0 0.01837851129552548
1225.0 0.026106301123084985
1369.0 0.05649247781973066
1530.0 0.044890681689030654
1709.0 0.08642813206902433
1910.0 0.053851705456284815
2135.0 0.05828610400330625
2385.0 0.026454087883713284
2666.0 0.037527539944162136
2979.0 0.018513137792594114
3329.0 0.03309600692586856
3720.0 0.013602176683432443
4157.0 0.006101056470177113
4646.0 0.05104359209076459
5192.0 0.023291882429354094
5802.0 0.01946574396430023
6484.0 0.008814632186466942
7245.0 0.042745915409312385
8097.0 0.002209387763304038
9048.0 0.023262240582238247
10111.0 0.025670850350383745
11300.0 0.00703364847357979
12627.0 0.028170214457355236
14111.0 0.01602335767185281
15769.0 0.012665853394511872
17622.0 0.00022085894094048264
19693.0 0.0007448581436593216
22007.0 0.007861684647660017
24593.0 0.0016673056517599871
27483.0 0.004168002158695394
30713.0 0.017605181373872014
34322.0 0.007391273114414121
38355.0 0.004505181280693549
42862.0 0.005027115165056162
47899.0 0.011788029646110365
53527.0 0.002930098174568907
59817.0 0.0045271142737477454
66846.0 0.018288356977210762
---
1.0 0.33289078720627363
1.0 2.5457159779821366
1.0 1.6221143333447623
2.0 0.3032863917232065
2.0 1.5775574646151171
2.0 1.0190396997474127
2.0 1.8049517648799474
2.0 0.001541259544895146
3.0 1.2313268670773718
3.0 1.216605698014082
3.0 1.3886321584315118
4.0 0.05761124313580501
4.0 1.1601479845137872
5.0 0.2353437303977457
5.0 0.3213211250043353
6.0 0.15652511085948717
7.0 1.2773341375624225
7.0 0.6889642020538986
8.0 0.5722217034623627
9.0 0.18173377700966697
10.0 1.5246039356223546
12.0 0.7103274055091775
13.0 0.37469712651889675
14.0 0.15132661281101378
16.0 0.42102107681088485
18.0 0.29574859702349743
20.0 0.3823682966021671
22.0 0.17177412049702512
25.0 0.5808183100954538
28.0 0.2398475294609379
31.0 0.3775827473575968
35.0 0.589341218051183
39.0 0.23521490147676827
44.0 0.6193311709986038
49.0 0.01109534968995951
55.0 0.10942699118763155
61.0 0.002523531735687312
68.0 0.021133225343666462
76.0 0.4347136373860705
85.0 0.28372654434999023
95.0 0.03185557966715913
106.0 0.2038086639535659
119.0 0.261126056171475
133.0 0.07608182026346011
148.0 0.030363486865200517
166.0 0.21091972695535666
185.0 0.1610178374408191
207.0 0.14169568697064494
231.0 0.20610544835499356
259.0 0.10684454311627567
289.0 0.051104100776479866
323.0 0.10071174179338838
361.0 0.06126039879866818
403.0 0.1697422520218097
451.0 0.09768117180366742
504.0 0.0338970346742995
563.0 0.0659655290971839
629.0 0.04605701533575157
703.0 0.08626855433857683
785.0 0.088714275182326
878.0 0.12513124342685966
981.0 0.029333078790559575
1096.0 0.011500530316757018
1225.0 0.02832237548329508
1369.0 0.018935523133094545
1530.0 0.01695333476331573
1709.0 0.043957718825487824
1910.0 0.040235754058946416
2135.0 0.03161439839536717
2385.0 0.010950002523475444
2666.0 0.012420547315068031
2979.0 0.03213757487160951
3329.0 0.05835124492454158
3720.0 0.0023959821200030262
4157.0 0.014641352337361413
4646.0 0.00024029615505094526
5192.0 0.015094045448759252
5802.0 0.026139623284668456
6484.0 0.0029407378407075857
7245.0 0.00882150777362578
8097.0 0.003811307601292002
9048.0 0.01963544056614608
10111.0 0.0224129676689675
11300.0 0.024899836263454045
12627.0 0.02953300893497479
14111.0 0.020354640368956067
15769.0 0.0067732917424374595
17622.0 0.007310778476850244
19693.0 0.00929459273764155
22007.0 0.003201598572278641
24593.0 0.01385731790865985
27483.0 0.0018096205742779148
30713.0 0.0122558282326235
34322.0 0.03018632614831729
38355.0 0.00025627097538538646
42862.0 0.02206710044624416
47899.0 2.6133429543495623e-05
53527.0 0.006441282061830478
59817.0 0.0034828474552
66846.0 0.002037096585340681
---
1.0 0.3531990659933092
1.0 0.8168321202931884
1.0 1.3460582198887143
2.0 2.334105505156354
2.0 2.2906798915504925
2.0 0.22087141118105502
2.0 0.41607007322409495
2.0 0.8584034415756072
3.0 0.002285379583476299
3.0 0.9393605634191187
3.0 0.2003688605923042
4.0 1.586332978823497
4.0 0.220642813311411
5.0 1.6181659190358344
5.0 1.5197336826095595
6.0 0.9193286070188169
7.0 0.08228230954371074
7.0 0.1759989929692568
8.0 0.5871824501970528
9.0 0.9877996966515913
10.0 0.31947865115228113
12.0 0.17662967208920866
13.0 0.5842684873028334
14.0 0.17835068574351798
16.0 0.2642417661177756
18.0 0.23464670933557463
20.0 0.36785060487323995
22.0 0.3966521805350627
25.0 0.2702836631474299
28.0 0.13698436628012622
31.0 0.04426112713307062
35.0 0.49094917860159004
39.0 0.37173755731994995
44.0 0.2334943248690926
49.0 0.12573822281439417
55.0 0.11007044214245942
61.0 0.056948837618370884
68.0 0.10776495972260403
76.0 0.2960620620035108
85.0 0.3575695101328966
95.0 0.0961674794544286
106.0 0.04638638115735705
119.0 0.04743611424700189
133.0 0.04121804851528088
148.0 0.021428765561616547
166.0 0.2716748198580372
185.0 0.005552784070175898
207.0 0.018355161435227085
231.0 0.20334287600342071
259.0 0.045521582098795754
289.0 0.050868202498968396
323.0 0.013715586408932445
361.0 0.00045689538094007
403.0 0.12376625442403633
451.0 0.07774184778551274
504.0 0.028526708644307508
563.0 0.03623536594983545
629.0 0.1341634454093864
703.0 0.02346526818113759
785.0 0.0212057888123387
878.0 0.0186714050086888
981.0 0.018398287136874192
1096.0 0.016357372106465373
1225.0 0.010922312390399647
1369.0 0.0243732139400743
1530.0 0.04496493141782909
1709.0 0.048826668227852976
1910.0 0.03545048592587685
2135.0 0.01228535646723139
2385.0 0.043480787257949016
2666.0 0.021603382303222673
2979.0 0.04068151830573785
3329.0 0.016036082299231813
3720.0 0.030834797294997607
4157.0 0.02275234169738105
4646.0 0.020372588314810258
5192.0 0.008427397161248962
5802.0 0.0018327879723077922
6484.0 0.042717115993628374
7245.0 0.006169864775888323
8097.0 0.013933720787878245
9048.0 0.0029398756788650005
10111.0 0.03473477603528474
11300.0 0.022232342973071084
12627.0 0.034098368284773084
14111.0 0.009252301518206885
15769.0 0.013007610483994902
17622.0 0.001549137544239354
19693.0 0.008194657870912447
22007.0 0.0060988813588811475
24593.0 0.018207451110765938
27483.0 0.014804664572528936
30713.0 0.012008236497307312
34322.0 0.0008233230004288661
38355.0 0.003504531566315694
42862.0 0.009732533703718627
47899.0 0.002974806403362562
53527.0 0.004350865875252907
59817.0 0.005919895643773709
66846.0 0.0010579948919322568
---
1.0 2.8619338108275727
1.0 2.6056680554807765
1.0 0.25485719193477974
2.0 0.9926387712261779
2.0 0.012982528212757027
2.0 1.9584835581326407
2.0 0.04024997048636547
2.0 0.6411775136366237
3.0 0.213835689843061
3.0 0.8063519212799384
3.0 0.4579948504384328
4.0 0.21882221893104936
4.0 1.6288570480647515
5.0 0.39649856368137637
5.0 0.943153871607286
6.0 0.4454082597696698
7.0 0.05050126234068941
7.0 0.5045785306813793
8.0 0.9381802893360738
9.0 1.2276608722402689
10.0 0.5155682997515989
12.0 0.12663474889376425
13.0 0.4011348926273073
14.0 0.453334384964059
16.0 0.2765806852875894
18.0 0.411235561682735
20.0 0.1680346244735874
22.0 0.0734649894585675
25.0 0.03254505437324329
28.0 0.2922186265133073
31.0 0.08774701233899429
35.0 0.09821680732428839
39.0 0.10137259609763039
44.0 0.6997931799798489
49.0 0.34744697337329944
55.0 0.43504144838638403
61.0 0.024540373169773755
68.0 0.0664011877536238
76.0 0.04267787385513855
85.0 0.08731479174294243
95.0 0.2838438023482881
106.0 0.06245853358079034
119.0 9.381880633352324e-05
133.0 0.17383175380405347
148.0 0.050424723576449004
166.0 0.10888487060670549
185.0 0.11955073096064517
207.0 0.11487689259813849
231.0 0.1576046725671143
259.0 0.056792982315430285
289.0 0.07553145070067413
323.0 0.032468046812577755
361.0 0.04137785070888533
403.0 0.019045597866256703
451.0 0.036647434682879565
504.0 0.025624566635646495
563.0 0.07691201918929336
629.0 0.07971010704909642
703.0 0.06517128513745551
785.0 0.026573902800729354
878.0 0.03368585872707541
981.0 0.028502830610094287
1096.0 0.049977052566903546
1225.0 0.1155800022322957
1369.0 0.06500058550943377
1530.0 0.021302856077460852
1709.0 0.0074420876525838064
1910.0 0.02168638460532968
2135.0 0.07218359248292838
2385.0 0.023585782805593092
2666.0 0.03756323154180552
2979.0 0.043077219513220855
3329.0 0.05247649528772369
3720.0 0.026653882767655235
4157.0 0.025125917671143694
4646.0 0.007468382232066029
5192.0 0.024423415219901434
5802.0 0.009931345746917675
6484.0 0.007562355682679489
7245.0 0.0008290035999918288
8097.0 0.002624024766705757
9048.0 0.0072793518069236285
10111.0 0.010255562548408204
11300.0 0.005736195181361925
12627.0 0.005850544027509841
14111.0 0.011849696708968072
15769.0 0.03327262167706624
17622.0 0.00015680244240701136
19693.0 0.00036993389256090303
22007.0 0.029949802697636363
24593.0 0.005592896774502809
27483.0 0.012519311054805193
30713.0 0.008658023957144989
34322.0 0.004632749935424396
38355.0 0.0031103256632243337
42862.0 0.013585074701844224
47899.0 0.0037231800133026294
53527.0 0.00212673660172058
59817.0 0.0038624688698591925
66846.0 0.005663786138970339
---
1.0 3.712171615405597
1.0 3.517512170640061
1.0 0.3960752748116301
2.0 2.0176785567218567
2.0 0.40211234050154165
2.0 0.8598328026632576
2.0 2.2587283737388164
2.0 0.41131768146384884
3.0 1.5565905528051673
3.0 1.1161545037652734
3.0 0.19947960387018004
4.0 1.1174740400965417
4.0 1.4742936787417418
5.0 0.21921693923410301
5.0 1.1921845777611266
6.0 0.8260909840007389
7.0 0.8659786322081697
7.0 0.24247949639727284
8.0 0.2948064365163109
9.0 0.5101218768777636
10.0 0.9711298192235751
12.0 0.09240607586961502
13.0 0.03267214073849711
14.0 0.11616233144761745
16.0 0.1966698951613466
18.0 0.6072091113731444
20.0 0.43430646935929484
22.0 0.3165330791581855
25.0 0.5193454813016312
28.0 0.7281604837216947
31.0 0.41596246047489416
35.0 0.20745107656060235
39.0 0.05073685753309576
44.0 0.00724260777376573
49.0 0.022801405208613512
55.0 0.002004964637410289
61.0 0.2062717216454969
68.0 0.14018209548424876
76.0 0.031403843683920574
85.0 0.21626324577791067
95.0 0.3162227557455224
106.0 0.18009457713970356
119.0 0.07498048439467053
133.0 0.027716018145269028
148.0 0.03417796064511536
166.0 0.0021977085299382804
185.0 0.07813635398973251
207.0 0.10864741016548574
231.0 0.015572599710868884
259.0 0.07249528753794554
289.0 0.10240875874091304
323.0 0.18434717981524162
361.0 0.10071152849298959
403.0 0.11903101167414898
451.0 0.03087381713268611
504.0 0.03999075264432905
563.0 0.0026867414211717566
629.0 0.10119389155707437
703.0 0.020146590686477506
785.0 0.026145610782835726
878.0 0.07457733846428694
981.0 0.05433681420344816
1096.0 0.11356741630543632
1225.0 0.01707229967839652
1369.0 0.0406168934546165
1530.0 0.033453894694119524
1709.0 0.018095985766342526
1910.0 0.075000028779039
2135.0 0.00412897567882009
2385.0 0.04906412839486762
2666.0 0.025317038015251203
2979.0 0.020490814403400837
3329.0 0.034637096238292475
3720.0 0.0074811062176787235
4157.0 0.04420085551191
4646.0 0.05248479186036259
5192.0 0.06277418890253561
5802.0 0.006241839748874156
6484.0 0.023391009866985613
7245.0 0.012649193410715909
8097.0 0.006333169244843284
9048.0 0.023356008164437503
10111.0 0.022145865176169455
11300.0 0.02453304196901529
12627.0 0.0038657993602694285
14111.0 0.027481739032351404
15769.0 0.012556579667143408
17622.0 0.007763091226643537
19693.0 0.013853421666302657
22007.0 0.009196451781223747
24593.0 0.00041817215842243627
27483.0 0.003945520943661851
30713.0 0.010504019572802892
34322.0 0.009463802471153526
38355.0 0.0014601988430459345
42862.0 0.005633478842816064
47899.0 0.004911718228822082
53527.0 0.00991948839831136
59817.0 0.0026767718063602786
66846.0 0.004456397914060606
---
1.0 2.9922749221190523
1.0 1.3067368055684088
1.0 2.829204364010107
2.0 0.2983258367774553
2.0 0.6463595101500994
2.0 0.6656868073321582
2.0 0.6643628737884781
2.0 2.5858297558873566
3.0 0.0780132181700991
3.0 0.9070458885792436
3.0 1.3902497696634946
4.0 0.22054486067418555
4.0 0.3302279277474178
5.0 0.1506383715528279
5.0 0.03599364968572605
6.0 1.2630131934044349
7.0 0.6672255361555122
7.0 0.24287941188994333
8.0 0.22783351240200878
9.0 0.571798300336905
10.0 0.004493828382619469
12.0 0.9640437057127678
13.0 0.20732961185609478
14.0 0.17162340931698705
16.0 0.4883036166858914
18.0 0.23679613524843068
20.0 0.18214757682563587
22.0 0.47980726612661306
25.0 0.11861397455308786
28.0 0.10787181065009843
31.0 0.1887601439324551
35.0 0.2019087808279163
39.0 0.19428622698320375
44.0 0.030974037692573564
49.0 0.276030182692512
55.0 0.022736168068452134
61.0 0.03391975304336947
68.0 0.10996964035780454
76.0 0.019278015822358774
85.0 0.08926345438794037
95.0 0.08255503295740463
106.0 0.19492637106720756
119.0 0.09321949472098323
133.0 0.2034937999388977
148.0 0.17512986903743988
166.0 0.263267853781737
185.0 0.17134896263083843
207.0 0.10855695154301437
231.0 0.128285989104449
259.0 0.10590451499508857
289.0 0.0835155984554492
323.0 0.026233495904212978
361.0 0.26140643273834185
403.0 0.07189762606881867
451.0 0.017878572462441067
504.0 0.030680896403904923
563.0 0.0062866480692377325
629.0 0.030358579565919364
703.0 0.020463359150012184
785.0 0.00038020049963005675
878.0 0.006120510274405078
981.0 0.03525719056888632
1096.0 0.07474989572329505
1225.0 0.010618545267075064
1369.0 0.11144370740122667
1530.0 0.02845944849068527
1709.0 0.02337194925318231
1910.0 0.01350917307153332
2135.0 0.01405134040876832
2385.0 0.0022681746964194893
2666.0 0.040119953233496375
2979.0 0.011727322677714036
3329.0 0.02465689289321471
3720.0 0.0033683637586279236
4157.0 0.031285654564380705
4646.0 0.008050708456723732
5192.0 0.008330523003541201
5802.0 0.03761074587624269
6484.0 0.019928078157283036
7245.0 0.02065344773148703
8097.0 0.002029484314413521
9048.0 0.0054218590558470225
10111.0 0.021052848591832207
11300.0 0.012387983797232383
12627.0 0.002571409855972595
14111.0 0.01544435469577432
15769.0 0.0013462767221001926
17622.0 0.02529212435576933
19693.0 0.015617511496599068
22007.0 0.00353674709069951
24593.0 0.007546243595375701
27483.0 0.0024496023649006604
30713.0 0.0048925396944689
34322.0 0.015429470115044808
38355.0 0.0007525475725764785
42862.0 0.010745137481185107
47899.0 0.001090585091073848
53527.0 0.0004478654123900583
59817.0 0.005683492089002318
66846.0 0.009826799276771547
---
1.0 2.3995220453142316
1.0 0.2167096495298515
1.0 0.8143701004112375
2.0 1.4837726253860044
2.0 0.001956065340941393
2.0 0.7153512362853975
2.0 1.3671832211717838
2.0 1.5600238808337443
3.0 0.6613257930072804
3.0 0.2847906916677594
3.0 0.2627439290519482
4.0 0.2930685162284963
4.0 0.41367817479760194
5.0 0.16922306882080362
5.0 0.10601150173723095
6.0 1.5741987262546508
7.0 0.15284655996687635
7.0 0.47598774791487
8.0 0.6354596130735128
9.0 0.21888803734566764
10.0 0.4082471081099528
12.0 0.10062430369460507
13.0 0.3619327382989157
14.0 0.15993019506451667
16.0 0.3068772054001154
18.0 0.25641618160523616
20.0 0.040578154430544355
22.0 0.43005978286603597
25.0 0.3537353315731888
28.0 0.3267949701553915
31.0 0.3712705769989687
35.0 0.3330884715662479
39.0 0.23557498923089826
44.0 0.21977305128860314
49.0 0.2311924782985021
55.0 0.1881874406688544
61.0 0.27092771432381624
68.0 0.19926472699925446
76.0 0.12587650651449356
85.0 0.13952826936395124
95.0 0.008439963161120945
106.0 0.10612794746758047
119.0 0.03749701562653707
133.0 0.0674873793509112
148.0 0.2870679659823867
166.0 0.01704468549476834
185.0 0.14167737652616386
207.0 1.5498883541575914e-05
231.0 0.004716728310701135
259.0 0.2616913676134913
289.0 0.21390515555647815
323.0 0.18230924095426215
361.0 0.23441447000954274
403.0 0.12379183123006943
451.0 0.09749565531191395
504.0 0.03963508240508706
563.0 0.026570938476516925
629.0 0.03772422623181049
703.0 0.0014573705956064664
785.0 0.075489925915043
878.0 0.08413511748666092
981.0 0.034112477457968415
1096.0 0.009601715603285044
1225.0 0.0060667644222749395
1369.0 0.0622529042534834
1530.0 0.0054631278419634555
1709.0 0.0028349756763121903
1910.0 0.07031700634083493
2135.0 0.021672515042950646
2385.0 0.02536342137664893
2666.0 0.07294201173003345
2979.0 0.036805511323228846
3329.0 0.017897403286826208
3720.0 0.01753254822158823
4157.0 0.014137547610847179
4646.0 0.003588410623470484
5192.0 0.07000292757236459
5802.0 0.0051790378591581865
6484.0 0.014892532544167114
7245.0 0.0060039360580315115
8097.0 0.01972952114973503
9048.0 0.014335938881139598
10111.0 0.008689031426040605
11300.0 0.013602131696047182
12627.0 0.011917608803322155
14111.0 0.0010899816819232022
15769.0 0.02378150852033445
17622.0 0.0004240872355647518
19693.0 0.0016816745721397464
22007.0 0.02043507090702601
24593.0 0.018524586392098863
27483.0 0.00032730060362151647
30713.0 0.0038775925707882353
34322.0 0.023340000285231977
38355.0 0.007667186928605796
42862.0 0.009518039396267719
47899.0 0.012020002173877442
53527.0 0.013711035988653086
59817.0 0.003925101546522702
66846.0 0.008124497880303783
---
1.0 1.34413534742737
1.0 1.9806225270451638
1.0 1.0211217473616752
2.0 0.6116877078820944
2.0 0.4218456220882266
2.0 0.7555885637079629
2.0 1.5477267449827445
2.0 0.38526082889306734
3.0 0.18003408904785412
3.0 0.039771230088680665
3.0 0.3261951266034082
4.0 0.7222382176793545
4.0 0.7358676041308185
5.0 0.7011529607227525
5.0 0.5500204599585747
6.0 0.19618366486925343
7.0 0.4579291298902457
7.0 0.3803406804580507
8.0 0.5845025149391476
9.0 0.3874730178933552
10.0 0.6874716396868691
12.0 0.9003509103017073
13.0 0.26438120537606347
14.0 0.6764190497538851
16.0 0.16283247628245312
18.0 0.46244382053845534
20.0 0.5316659924675492
22.0 0.090713797487052
25.0 0.20159045266968312
28.0 0.18904023357419153
31.0 0.16091533194538488
35.0 0.2129350230954794
39.0 0.006710781434710933
44.0 0.20048853920706833
49.0 0.224044878641931
55.0 0.12974908187831158
61.0 0.5346420011974686
68.0 0.2308601354183013
76.0 0.42584178143552753
85.0 0.23708911946340716
95.0 0.12714109757219227
106.0 0.25331352401826
119.0 0.03249843085242721
133.0 0.10692860371422164
148.0 0.028350949091613176
166.0 0.10779845122243081
185.0 0.08754184620948768
207.0 0.0892341671220438
231.0 0.05560401309470264
259.0 0.06156906864190215
289.0 0.13967535671502818
323.0 0.15723387086939922
361.0 0.10903970140278219
403.0 0.013656587895420014
451.0 0.02540620451876463
504.0 0.0019137541154963245
563.0 0.0005595109537882559
629.0 0.0072540031317117615
703.0 0.03167467259859258
785.0 0.09147611578797177
878.0 0.02638040169138467
981.0 0.016087377480119347
1096.0 0.003545274524363151
1225.0 0.0648713090856392
1369.0 0.10970406276075861
1530.0 0.0012774591669957314
1709.0 0.017847331596634763
1910.0 0.01583989205075942
2135.0 0.05925149118483253
2385.0 0.00154286341023957
2666.0 0.006637648620688719
2979.0 0.032238766437518995
3329.0 0.020762018478977073
3720.0 0.039182252472734325
4157.0 0.0006226809463416583
4646.0 0.0018817399088236764
5192.0 0.002142980606116396
5802.0 0.042533203990104296
6484.0 0.019221352784503654
7245.0 0.002696657477909148
8097.0 0.00922141911951413
9048.0 0.004724405010382071
10111.0 0.06813295714680123
11300.0 0.0216075889759042
12627.0 0.015235978248844484
14111.0 0.025985086070975605
15769.0 0.0013785655222973148
17622.0 0.007399824758208218
19693.0 0.009405490698788377
22007.0 0.0007630336098378709
24593.0 0.0023102790141749097
27483.0 0.017768782467805888
30713.0 0.014022512809610532
34322.0 0.0037828872816337844
38355.0 0.008954536143880754
42862.0 0.009237469437014756
47899.0 0.006851164349744199
53527.0 0.014273744991639914
59817.0 0.004439819891484786
66846.0 0.0027452222354718003
---
