1.0 2.4622592832165404
1.0 0.5532746417360301
1.0 3.25332667702006
1.0 0.18651978085056897
2.0 2.566823208092445
2.0 6.55803148715738
2.0 2.655432713649136
2.0 0.4843596103758303
2.0 1.592583494069507
3.0 0.8688017009426026
3.0 1.2062263611268818
3.0 5.574354142780915
4.0 1.0919284275058567
4.0 1.2595366873247769
4.0 3.679751948782302
5.0 0.6740146710573695
5.0 1.1350894189323864
6.0 1.558307618502445
6.0 1.3699132836228114
7.0 0.806153236749608
8.0 0.30756462293458187
9.0 0.1276002695628009
10.0 0.08594334822611827
11.0 1.7961650007749503
12.0 0.20121643686937907
13.0 0.41494091313883064
14.0 0.8834322437380892
16.0 2.0470361595791893
17.0 0.3766654983282445
19.0 1.952958763555486
21.0 0.2744800204089264
23.0 0.3180613905386527
26.0 0.10231057440030045
28.0 0.4619002272983339
31.0 0.19379038849767893
34.0 0.3975106125088853
38.0 0.24627997120251532
42.0 0.04500290676882912
46.0 0.2014788698852774
51.0 0.47441523860779666
56.0 0.6348512986321699
62.0 0.1100441252392722
68.0 0.4641877319922638
75.0 0.04811256583495904
83.0 0.40238899705366205
92.0 0.019662461747290028
101.0 0.212363765750481
112.0 0.26522306676950524
123.0 0.13472860316545177
136.0 0.0059102870245058
150.0 0.25235622257156654
165.0 0.09300664546632831
182.0 0.4931579002689547
201.0 0.3963159902338065
222.0 0.21702884603953487
245.0 0.46109943661952
270.0 0.28097056204537574
298.0 0.18527918690884837
329.0 0.026427132607355297
363.0 0.1423337824949915
400.0 0.050536899303811444
441.0 0.4082024561943365
487.0 0.20968030906512236
537.0 0.1508333210089856
593.0 0.0708133361180916
654.0 0.09348729721026894
721.0 0.07264929468718506
796.0 0.2255547724524769
878.0 0.06629596628128165
968.0 0.18931154883670498
1068.0 0.13707350162707344
1179.0 0.01181440998694927
1300.0 0.08188370845383441
1435.0 0.022924341750719335
1583.0 0.0005793632074584387
1746.0 0.17387617424635837
1926.0 0.021430303411577256
2125.0 0.17299354897262464
2344.0 0.09430044385376557
2586.0 0.006954204562749089
2853.0 0.08972606433732988
3148.0 0.02383153903784252
3473.0 0.07363738231651928
3831.0 0.0018832029280966278
4226.0 0.0034804766723233183
4663.0 0.010808816122046094
5144.0 0.08833345836590056
5675.0 0.021984423589579194
6261.0 0.040093935994367835
6907.0 0.0709508682765545
7620.0 0.01707954688810931
8406.0 0.06161110585939977
9274.0 0.02911183697262021
10231.0 0.04577499117863426
11287.0 0.05608943777460973
12451.0 0.020776790421758617
13737.0 0.002618238117403804
15154.0 0.03898464478291119
16718.0 0.007172014743284105
18444.0 0.03943931921962118
---
1.0 0.7003733399822676
1.0 1.41376996959401
1.0 0.5740172612750138
1.0 1.1981101649161565
2.0 0.9151999569518235
2.0 0.33671312070593995
2.0 0.03288236517850862
2.0 0.3540264483142317
2.0 0.6924423911930568
3.0 0.594727198041813
3.0 0.49956258039716706
3.0 0.9826687232498397
4.0 2.647316470244717
4.0 1.2968924963150061
4.0 0.46130157718078557
5.0 1.9880769754125573
5.0 1.3611929487697503
6.0 0.3760414732963584
6.0 1.8531983342990799
7.0 0.19648253275986338
8.0 1.6505537636847116
9.0 0.713552508634776
10.0 2.849875325669301
11.0 2.289884806110593
12.0 0.43190732913112306
13.0 0.6588037780915181
14.0 0.1190398438052982
16.0 0.6227066351172317
17.0 0.5093828953599073
19.0 0.7845905341402926
21.0 1.0481615576808236
23.0 0.10522041411993066
26.0 0.036112461308484445
28.0 0.6508286490747925
31.0 0.4417450119314199
34.0 1.1777433545301204
38.0 0.11577606846921973
42.0 0.22723304242303488
46.0 0.7605288753099888
51.0 0.41207287550642446
56.0 0.11155484191016463
62.0 0.4334377462061121
68.0 0.31074706783118744
75.0 0.25921018378932426
83.0 0.3769512737095454
92.0 0.610276732775979
101.0 0.6014613490312197
112.0 0.2290723450631621
123.0 0.6216984522061288
136.0 0.04718780262601929
150.0 0.15337153805088644
165.0 0.041497756006987685
182.0 0.004262543576464051
201.0 0.5319226788367075
222.0 0.4169732389391505
245.0 0.3176033379913843
270.0 0.02318778607311478
298.0 0.009425617974929246
329.0 0.061646403408969985
363.0 0.16064990830487114
400.0 0.14130710464184237
441.0 0.17237705606053266
487.0 0.22266673843510687
537.0 0.4098780831888653
593.0 0.3521202516122681
654.0 0.05974465841568022
721.0 0.0021111557686588345
796.0 0.036393698034388744
878.0 0.3231949601692885
968.0 0.08757547948608768
1068.0 0.021742466858815535
1179.0 0.11712970903714914
1300.0 0.08019374071740248
1435.0 0.05542285672907099
1583.0 0.09851782301609902
1746.0 0.021717799840871077
1926.0 0.05346993757076346
2125.0 0.13973778697534023
2344.0 0.02939006666673194
2586.0 0.12064170162777987
2853.0 0.05799160279020876
3148.0 0.05292912145984163
3473.0 0.06020863421886724
3831.0 0.006073938247283861
4226.0 0.04869556514301965
4663.0 0.023711208851257215
5144.0 0.017838395018115794
5675.0 0.006140199379134792
6261.0 0.010449483037850538
6907.0 0.04320617095421442
7620.0 0.047366144405992294
8406.0 0.01874966055938665
9274.0 0.036146405855849606
10231.0 0.013055687712695607
11287.0 0.02294483633627875
12451.0 0.053986419437906275
13737.0 0.012313602905978716
15154.0 0.05051357223471109
16718.0 0.0054807764198545605
18444.0 0.021305406991846576
---
1.0 4.633033277596174
1.0 0.8768708600898578
1.0 1.5824633819021523
1.0 1.553289688098725
2.0 2.708882860763707
2.0 2.5530222396694917
2.0 3.212000070546863
2.0 0.1805342592916288
2.0 0.1161982260223191
3.0 4.522812568708503
3.0 1.2124858639383698
3.0 0.44510881047978035
4.0 5.744962507922015
4.0 0.17845736584263494
4.0 5.008632622039748
5.0 1.3829235050613509
5.0 0.7691237415948315
6.0 1.2545573091862465
6.0 2.4303244494062106
7.0 0.5586440394845413
8.0 1.9780293134824347
9.0 2.6265511194108337
10.0 1.8632649494401867
11.0 0.6347982359784076
12.0 0.021015815293777385
13.0 1.0814916913479198
14.0 1.2008522400798385
16.0 0.06063205942442207
17.0 0.8479749259587822
19.0 0.6463990874493498
21.0 1.737056438694076
23.0 0.7755628799134752
26.0 0.40371518448685906
28.0 0.9632679863966156
31.0 1.5702080096175486
34.0 0.2728845476800027
38.0 0.053880748842795034
42.0 0.38701416851949455
46.0 0.22348691658906816
51.0 0.0047757735680247215
56.0 0.8968583432458477
62.0 0.44509687107733886
68.0 0.2605270993914074
75.0 0.17461819519170207
83.0 0.3176931204341258
92.0 0.38670979370595937
101.0 0.2685979764669497
112.0 0.698002617414595
123.0 0.17307576442184125
136.0 0.12554326096935853
150.0 0.6977895126440861
165.0 0.34860135999677166
182.0 0.416149957999307
201.0 0.2175260426168415
222.0 0.2705903018091693
245.0 0.42001531441754747
270.0 0.015133963217633717
298.0 0.24788654696351808
329.0 0.015504905827446125
363.0 0.34997697473542044
400.0 0.31858945210858136
441.0 0.03043978099659128
487.0 0.22746526634070718
537.0 0.02673794821034481
593.0 0.14822639967138018
654.0 0.0660624084591157
721.0 0.11458516674509889
796.0 0.034537269562111894
878.0 0.1573018420231349
968.0 0.13717216946195743
1068.0 0.053106783785601186
1179.0 0.14644969283174225
1300.0 0.06607840102245777
1435.0 0.16822515176878272
1583.0 0.11149352618793129
1746.0 0.129414517494151
1926.0 0.005437465178007361
2125.0 0.10867155435101927
2344.0 0.09247145252908551
2586.0 0.010979320195331876
2853.0 0.07342792559230005
3148.0 0.007281030401679156
3473.0 0.055162373003195264
3831.0 0.0030020436161870556
4226.0 0.003822470665063471
4663.0 0.03459518571291331
5144.0 0.03796379915877934
5675.0 0.006218221208342256
6261.0 0.02480784134613334
6907.0 0.04539878642648598
7620.0 0.06047324367020268
8406.0 0.012430381362779408
9274.0 0.01717485304380728
10231.0 0.018736987024133622
11287.0 0.07560240188456024
12451.0 0.06261101318007078
13737.0 0.04298282037490697
15154.0 0.027346559685195282
16718.0 0.07622249877661336
18444.0 0.012481860615862539
---
1.0 21.590506373347957
1.0 3.2441176375534684
1.0 0.34074688161682687
1.0 0.6371238429074393
2.0 1.2471751558751794
2.0 1.2457903398864971
2.0 0.03198332375535129
2.0 3.342698462686288
2.0 1.386819673843227
3.0 0.8061580699250572
3.0 2.428360834248979
3.0 1.4286190789133806
4.0 1.1955247031398617
4.0 1.0991915602822167
4.0 1.0252228568698731
5.0 0.5468169935203964
5.0 1.8742136564213063
6.0 0.6471115800729602
6.0 0.9935936381273124
7.0 0.8773330024926969
8.0 0.750241228379811
9.0 1.5431568542430294
10.0 0.4777960446272598
11.0 0.24540623115537885
12.0 0.5836961908721321
13.0 2.2087842929320898
14.0 0.16714840787659435
16.0 0.6968101271991773
17.0 0.6101682348500364
19.0 0.23675613737782353
21.0 0.04196326469680001
23.0 0.25080146122387603
26.0 0.6138633072921273
28.0 0.5897398893192917
31.0 0.028069934724151202
34.0 0.42533270806602763
38.0 0.21415570602497436
42.0 0.19177061980156918
46.0 0.41499205598425926
51.0 0.03956988718688659
56.0 0.1957722697426747
62.0 0.26666201033209636
68.0 0.2417725608831035
75.0 0.3145797297484272
83.0 0.6691762221042721
92.0 0.3868028615188912
101.0 0.041371384721077265
112.0 0.3045631497086798
123.0 0.19206907528748385
136.0 0.7624152031988745
150.0 0.2064251212510566
165.0 0.19161984326102122
182.0 0.1890898971700148
201.0 0.3487324287574567
222.0 0.5314626122947315
245.0 0.11646498316935028
270.0 0.23167295252823905
298.0 0.005540455754420526
329.0 0.0785598027236254
363.0 0.08183707268402673
400.0 0.019389997143148374
441.0 0.07345132154702882
487.0 0.17231710221756424
537.0 0.23649488010642883
593.0 0.027968775052378714
654.0 0.1304286529535741
721.0 0.09666777540502558
796.0 0.08873475766079453
878.0 0.08352281805435391
968.0 0.058076553190803515
1068.0 0.05101633781608905
1179.0 0.02183285564031201
1300.0 0.0886109352647444
1435.0 0.03338770669073554
1583.0 0.12107622138029095
1746.0 0.041194391688272436
1926.0 0.12994271582798933
2125.0 0.03253539704757413
2344.0 0.06953674969081725
2586.0 0.016534358900167856
2853.0 0.02773160868687563
3148.0 0.009069378491116886
3473.0 0.03421108078290058
3831.0 0.06026177727498516
4226.0 0.06348909493098809
4663.0 0.02671453722592254
5144.0 0.02707358282337169
5675.0 0.07824414110880906
6261.0 0.0707134117537217
6907.0 0.04438163238420856
7620.0 0.0006299485052863041
8406.0 0.0167743936488729
9274.0 0.07719393777288519
10231.0 0.02063024135899516
11287.0 0.01982490282100624
12451.0 0.0019922510683485495
13737.0 0.011239624423849737
15154.0 0.03808341794737924
16718.0 0.041551833917662706
18444.0 0.03904196027689433
---
1.0 0.24566001097347323
1.0 0.5458843163372895
1.0 0.10880898662422045
1.0 1.6071698826693206
2.0 1.234415273293575
2.0 1.1962674338138324
2.0 1.8697352368252513
2.0 3.4542129855541184
2.0 0.016109557846387124
3.0 0.6456928033821945
3.0 0.6994141587223526
3.0 0.21323229079532346
4.0 2.2475791237455236
4.0 0.3425969840824643
4.0 0.7053836804887333
5.0 1.1894473455328851
5.0 0.4203634888718306
6.0 1.388566356543257
6.0 1.2216969107153588
7.0 1.3795198986189787
8.0 0.9182459933053346
9.0 1.317496808183166
10.0 2.0176773174953535
11.0 1.1995813556666373
12.0 0.010642653410790404
13.0 1.1041622429274147
14.0 0.5016201981658286
16.0 1.088953191334634
17.0 0.36632574554496145
19.0 1.6448957726627138
21.0 0.32714021194023357
23.0 0.5153154673215199
26.0 0.029115068358543272
28.0 1.1154110800618784
31.0 0.8388705193227468
34.0 0.948544527655055
38.0 0.005304442133868603
42.0 0.058486184730162094
46.0 0.062449425993539975
51.0 0.5275094054407466
56.0 0.04675950292810249
62.0 0.44019038742474115
68.0 0.369716318440261
75.0 0.22353544964834615
83.0 0.34042030071804286
92.0 0.705212580531287
101.0 0.6330733158129054
112.0 0.31161360112058833
123.0 0.5971700993867151
136.0 0.5307009025573024
150.0 0.20088817063863218
165.0 0.48109397481895666
182.0 0.08814848456205682
201.0 0.03790885850606007
222.0 0.07674813743671383
245.0 0.15045331744100676
270.0 0.33839266703103466
298.0 0.04345820159206304
329.0 0.14933784023300212
363.0 0.12218408598674135
400.0 0.0953666776634039
441.0 0.2186262711657927
487.0 0.2889763372551326
537.0 0.2574847851173152
593.0 0.09113102343834711
654.0 0.07573625863590494
721.0 0.1310275569118129
796.0 0.2225675894239767
878.0 0.0796626259025418
968.0 0.41483663782034874
1068.0 0.12388450545983143
1179.0 0.14747153425992265
1300.0 0.17966185467728746
1435.0 0.11051556555954378
1583.0 0.02936422812559525
1746.0 0.06429460962706912
1926.0 0.03989430775479619
2125.0 0.03825784897833673
2344.0 0.06813446114872312
2586.0 0.009853799803324348
2853.0 0.11327063716398755
3148.0 0.07514463275769878
3473.0 0.011515486185094126
3831.0 0.003921069038698044
4226.0 0.03315838828988538
4663.0 0.028307882757050096
5144.0 0.07692203477104886
5675.0 0.03554961040231275
6261.0 0.02682902697111933
6907.0 0.00829407383462144
7620.0 8.580601564633916e-05
8406.0 0.018298042759066546
9274.0 0.05531053670781905
10231.0 0.080300499176992
11287.0 0.09443822313625394
12451.0 0.051878716743843256
13737.0 0.001288628590477403
15154.0 0.015880401098641084
16718.0 0.01941974205453567
18444.0 0.011494065908424833
---
