1.0 2.5609169892934665
1.0 2.19464689814761
1.0 2.0782216012833863
2.0 0.17475022455267175
2.0 4.3018934295469275
2.0 0.20648345862678652
2.0 0.8912273174629353
2.0 3.136955819584549
3.0 0.6557834661076019
3.0 0.9984315686732937
3.0 0.39729339085132453
3.0 1.6998874824834456
4.0 2.718270856627192
4.0 0.9122609223629227
5.0 0.41002711848967044
5.0 1.7694192576745302
6.0 2.0117739664973273
6.0 2.837899895110605
7.0 0.5600419234825713
8.0 0.15161548625097
9.0 1.8135352417494692
10.0 0.7639271199223514
11.0 0.491059118679954
12.0 0.2107440070307829
13.0 0.1597407421897552
15.0 0.6346149135097363
16.0 0.1904440002196658
18.0 0.7400457909442482
20.0 0.8482420142187426
22.0 0.5950662728921527
25.0 0.3209925288356328
28.0 0.11029105716933629
31.0 0.014624478497998972
34.0 0.856355400342431
38.0 0.3570450729710899
42.0 0.36811344319644823
46.0 0.4526191360155365
51.0 0.2081700430035811
57.0 0.3402208207622023
63.0 0.2320337783193438
70.0 0.14911774595136595
78.0 0.35832653127652203
86.0 1.1376036138905294
95.0 0.014629893467910104
106.0 0.3646238073190058
117.0 0.29794203195570246
130.0 0.10490596418299214
144.0 0.5841585393952177
160.0 0.05788955785171357
178.0 0.13874598270313632
197.0 0.2927856777387723
218.0 0.09943950229658904
242.0 0.08647335501068998
269.0 0.052459009565337444
298.0 0.1072106079538635
330.0 0.05614428951853834
367.0 0.05117446784236446
407.0 0.08714772566035434
451.0 0.04278498863368574
500.0 0.20877793476661932
555.0 0.08810268047963499
615.0 0.06355046687122745
682.0 0.10440834322516945
757.0 0.08691100260628992
839.0 0.05486515623682209
931.0 0.06219413930086004
1033.0 0.11751563616740102
1145.0 0.0024012950121841126
1270.0 0.02095931348920832
1409.0 0.042941299025117896
1563.0 0.040244587489702166
1733.0 0.0011799855376988244
1923.0 0.10315603317650002
2132.0 0.0639379248999441
2365.0 0.07977312926981384
2623.0 0.03553285092383751
2909.0 0.008716059889034122
3227.0 0.06973564926259279
3579.0 0.048468430666077644
3970.0 0.014771664390189176
4403.0 0.03485453800765459
4884.0 0.059898433647422644
5417.0 0.021077606934094995
6008.0 0.018543049240403064
6663.0 0.039411623320668276
7391.0 0.0018479345906117217
8197.0 0.018048745328818172
9092.0 0.0043041321821385425
10084.0 0.000639781092031555
11184.0 0.041215378042564144
12405.0 0.01778542046486531
13759.0 0.005027754628423864
15261.0 0.08603104435546094
16926.0 0.015373278520810718
18773.0 0.002198541985575009
20822.0 0.005029692073934333
23094.0 0.002739177886540878
25615.0 0.006621528282435785
28410.0 0.007291820670341842
31511.0 0.004925485621795511
---
1.0 1.5794395145867735
1.0 8.7949656181067
1.0 1.726632129071041
2.0 1.6979471602809226
2.0 1.208459900538934
2.0 0.15745579527106646
2.0 2.4321610968644922
2.0 0.11470510791364708
3.0 2.1622679715975037
3.0 0.4374101620155556
3.0 3.1745623048803147
3.0 5.620330401658413
4.0 0.6675918400290914
4.0 0.4409360182643838
5.0 1.0494541909831365
5.0 2.1354426549577
6.0 0.15021630702683897
6.0 1.121866586709873
7.0 0.1769611161987481
8.0 0.5611404068998855
9.0 1.0319185872010144
10.0 0.9169784939554861
11.0 0.8385326009279774
12.0 0.2567004055569384
13.0 0.6322653062626862
15.0 0.1324196220666738
16.0 0.6979346651857852
18.0 0.8009049748237473
20.0 0.6961095717604886
22.0 0.1042409912248754
25.0 0.7932267885835036
28.0 0.10338912246635967
31.0 0.21198607660371094
34.0 0.3423627397247079
38.0 0.5454972140167942
42.0 0.05818245987600501
46.0 0.951345646457896
51.0 0.05431422201286318
57.0 0.32828130699498304
63.0 0.3418081508229873
70.0 0.2240368626554634
78.0 0.21329687761199523
86.0 0.3205065092394519
95.0 0.05839116663666011
106.0 0.5798840738096391
117.0 0.3904613452559409
130.0 0.07923830285940081
144.0 0.2837675327964866
160.0 0.290960082393922
178.0 0.18340708287817775
197.0 0.04123267963310695
218.0 0.1051603976807789
242.0 0.11013329040970787
269.0 0.1558123370371105
298.0 0.11731614429812831
330.0 0.04765885743635567
367.0 0.07865020508319054
407.0 0.08459462197003209
451.0 0.022529942713785278
500.0 0.05953259979817149
555.0 0.07348907097398227
615.0 0.16949135638126056
682.0 0.08460177242803169
757.0 0.07080109333956441
839.0 0.061871428217006086
931.0 0.018638207456907696
1033.0 0.07477693567365662
1145.0 0.1612236015991413
1270.0 0.13076023439980022
1409.0 0.0363101593105124
1563.0 0.028111440139543475
1733.0 0.014271087372372593
1923.0 0.10871623775626182
2132.0 0.014673447395246786
2365.0 0.007112266473612516
2623.0 0.008532546687689768
2909.0 0.07795758404450226
3227.0 0.04263084465214395
3579.0 0.06913954003592448
3970.0 0.06324955517620712
4403.0 0.019437027744599877
4884.0 0.030154953300722376
5417.0 0.0008034818470017413
6008.0 0.010944672211721684
6663.0 0.02215408116453177
7391.0 0.03339401301832701
8197.0 0.04825879086927087
9092.0 0.021814253616000423
10084.0 0.042625345535630466
11184.0 0.045397119094435445
12405.0 0.002253297334845472
13759.0 0.019442277808377595
15261.0 0.020576551035257906
16926.0 0.001880505251269593
18773.0 0.018569877477061625
20822.0 0.02888171430442421
23094.0 0.012345922236700502
25615.0 0.013410638260825225
28410.0 0.011170800296839145
31511.0 0.0034444605431470654
---
1.0 0.4757391769938931
1.0 2.304870158975277
1.0 0.8950790536590212
2.0 1.1400073813406761
2.0 1.6124541108883461
2.0 1.3026522039550905
2.0 0.5179625859395828
2.0 0.3319189666900937
3.0 0.1668759716775644
3.0 1.130197923128578
3.0 2.09175293139662
3.0 2.9687909977678477
4.0 1.409147779010302
4.0 0.04879099706157186
5.0 0.09430799004472212
5.0 2.1810506140630763
6.0 1.5674216857915981
6.0 1.682031116357202
7.0 1.0299597518329118
8.0 0.3445466621585904
9.0 0.20614028014694008
10.0 0.4502726201328153
11.0 0.4882012968402276
12.0 0.5467971505906304
13.0 0.6871977923444145
15.0 0.6029815672118484
16.0 0.2930772151528802
18.0 0.5630379412874018
20.0 0.8664182335639453
22.0 0.22295662625930457
25.0 0.03061307168626115
28.0 0.3470059988922207
31.0 0.0958425442074411
34.0 0.11841216200571836
38.0 0.06810176988438743
42.0 0.5275726218572987
46.0 0.37131286466047886
51.0 0.2719706091362464
57.0 0.39574463920995306
63.0 0.37090764928710684
70.0 0.02509632807553097
78.0 0.8604044693379291
86.0 0.6089194366922661
95.0 0.12193588879156492
106.0 0.08368348761145628
117.0 0.033335844050261354
130.0 0.22416749601876296
144.0 0.24003083768497313
160.0 0.12713604972925285
178.0 0.008662992687705318
197.0 0.09128346574917579
218.0 0.23953513484642963
242.0 0.09008272608403933
269.0 0.05908820382511992
298.0 0.005979837630726514
330.0 0.1673484705051843
367.0 0.14391436025829885
407.0 0.4076391125572427
451.0 0.04668420033579501
500.0 0.36821669501056986
555.0 0.15829341830399957
615.0 0.028866574279783785
682.0 0.012518453611119695
757.0 0.06485079542497774
839.0 0.0678232781874194
931.0 0.11144510977610356
1033.0 0.09873650547723734
1145.0 0.05598363649911908
1270.0 0.028294502041331437
1409.0 0.08333005902632418
1563.0 0.0686635474925884
1733.0 0.1262250387635686
1923.0 0.03323697396221492
2132.0 0.0578347678333615
2365.0 0.019197775113877324
2623.0 0.006685867954595803
2909.0 0.019942395757717057
3227.0 0.028249933143959183
3579.0 0.12150675960613477
3970.0 0.0036268333360739424
4403.0 0.020582815463771054
4884.0 0.015334635457931234
5417.0 0.03203324613455827
6008.0 0.0035690951649796077
6663.0 0.06384973374413383
7391.0 0.08264381726298131
8197.0 0.03758138261788435
9092.0 0.008760552972632896
10084.0 0.023089594483913567
11184.0 0.03387707443666521
12405.0 0.01394101382301538
13759.0 0.02233047760502771
15261.0 0.013667772315530069
16926.0 0.01983821268838981
18773.0 0.034856805881663844
20822.0 0.014947702176824285
23094.0 0.0076980928906755786
25615.0 0.042823561271321475
28410.0 0.02273924016128359
31511.0 0.014277015612648603
---
1.0 0.835540573456224
1.0 0.4123815757744316
1.0 0.3712461179343929
2.0 0.7576276013335632
2.0 0.5801027297510906
2.0 0.14367235877073647
2.0 0.2528507494670409
2.0 0.16042911156790107
3.0 1.9072353870667071
3.0 0.3767528541439501
3.0 0.18287105288208427
3.0 0.30142215720092724
4.0 1.54791880452591
4.0 3.2514314256869365
5.0 0.8311802477048961
5.0 0.25361049674324354
6.0 0.19057273849827205
6.0 0.4376635563363359
7.0 0.31048612325081226
8.0 2.0045184242223604
9.0 0.2962375656350993
10.0 0.7841379408977249
11.0 0.5863744670341053
12.0 0.7438698393533213
13.0 1.0349346468148763
15.0 0.8635061935021044
16.0 0.6200492796611847
18.0 0.06992332784184196
20.0 0.3319284081631455
22.0 0.8988588922867012
25.0 0.20787239469996166
28.0 0.7963920026202138
31.0 0.666305160347421
34.0 0.06947379140990062
38.0 0.175677418289792
42.0 0.15567368938660664
46.0 0.5833456329975969
51.0 0.41554257376646264
57.0 0.21716842933538139
63.0 0.16267485651288516
70.0 0.3311275774165354
78.0 0.6620977562596426
86.0 0.02996400734487592
95.0 0.045698558140991885
106.0 0.0326122295598783
117.0 0.11829687801222755
130.0 0.0268387404368734
144.0 0.05467758603680273
160.0 0.4469013234031347
178.0 0.17291654266275147
197.0 0.16940147897720692
218.0 0.27005526432750027
242.0 0.058395437020472674
269.0 0.03601824867482606
298.0 0.08750448856842974
330.0 0.1853700350065477
367.0 0.23246308385371162
407.0 0.0561789193121176
451.0 0.06456092336637176
500.0 0.17401798915154387
555.0 0.0630159676992933
615.0 0.027164780285646617
682.0 0.005668927081384778
757.0 0.16388270443730524
839.0 0.028821702101753943
931.0 0.004143217806929611
1033.0 0.02859514781276129
1145.0 0.023759905470018716
1270.0 0.11725887420184256
1409.0 0.007293494723691674
1563.0 0.07817409224755978
1733.0 0.023208099928423653
1923.0 0.08352535503014291
2132.0 0.06865509182677543
2365.0 0.02044570707138349
2623.0 0.004380766778127931
2909.0 1.257191894143972e-06
3227.0 0.021077380063740936
3579.0 0.059824177905757336
3970.0 0.02735986499835974
4403.0 0.05066795685951253
4884.0 0.07008039163096247
5417.0 0.009024540005089676
6008.0 0.06984641710740092
6663.0 0.021257617137597107
7391.0 0.023481848372914893
8197.0 0.029356913764254644
9092.0 0.031020771417687776
10084.0 0.00537625541121578
11184.0 0.009632317176938354
12405.0 0.015812812584685476
13759.0 0.0293929789072358
15261.0 0.0133636194990987
16926.0 0.03881131685383776
18773.0 0.05041208728580382
20822.0 0.005546135283232223
23094.0 0.010986775387962444
25615.0 0.0030908671907963203
28410.0 0.015914771375262537
31511.0 0.015688066141354873
---
1.0 0.17948438741026074
1.0 1.000816626818827
1.0 0.09682116320062684
2.0 2.561638082498967
2.0 0.3431122755251379
2.0 2.9285630780393515
2.0 2.1861040223113157
2.0 3.514585113753088
3.0 0.6576912664494757
3.0 1.5967621049661826
3.0 0.21129679683657376
3.0 0.6640976491298651
4.0 0.29778092689151214
4.0 4.455662652480791
5.0 3.1394916055597193
5.0 0.059814296593716954
6.0 2.119879222136503
6.0 1.656071314394644
7.0 1.1434771918487987
8.0 0.3000374000538498
9.0 0.28115191547800933
10.0 0.783949090174056
11.0 0.6759327021677453
12.0 0.3219651338180849
13.0 0.4956515421437563
15.0 0.9180393354773647
16.0 0.027653530700921025
18.0 0.8057597378353312
20.0 0.07806639567902507
22.0 0.10024353971995281
25.0 1.1557627851624517
28.0 0.6713569898492944
31.0 0.4527977878370525
34.0 0.12552816442914605
38.0 0.1693298895431501
42.0 0.046220614884535216
46.0 0.7348914141247179
51.0 0.5752026202645517
57.0 0.003066690722069776
63.0 0.29904621594952907
70.0 0.4687372520135249
78.0 0.2963216505685661
86.0 0.12914737075383464
95.0 0.054672178312438646
106.0 0.3262467114930152
117.0 0.11889983533986226
130.0 0.03003733925786012
144.0 0.2727320578904304
160.0 0.3879005048738171
178.0 0.1909869466606957
197.0 0.0369370876646008
218.0 0.3288173465322046
242.0 0.034399651725786295
269.0 0.016455166465134563
298.0 0.10071580670993585
330.0 0.02983672826936057
367.0 0.2275295453921642
407.0 0.05963348405574331
451.0 0.050136786869631855
500.0 0.19454064452988273
555.0 0.019899637652357582
615.0 0.027771381182207677
682.0 0.12212300166891676
757.0 0.18260664807398097
839.0 0.08063110829645947
931.0 0.022021220455342494
1033.0 0.02556351183522776
1145.0 0.023257284043747717
1270.0 0.0023743613465359026
1409.0 0.004458097588428744
1563.0 0.13780763383666828
1733.0 0.05504704680902872
1923.0 0.007453106140541399
2132.0 0.05101580114698745
2365.0 0.04840332999166508
2623.0 0.028496834273426863
2909.0 0.023343534529522536
3227.0 0.08722627538910932
3579.0 0.013402201766804955
3970.0 0.075944993146974
4403.0 0.007835632563056416
4884.0 0.03489246648166011
5417.0 0.010997097427738467
6008.0 0.008914155745967989
6663.0 0.05765941054918189
7391.0 0.02321034236270425
8197.0 0.008741497361750117
9092.0 0.05543263742496707
10084.0 0.012989922203532567
11184.0 0.020864488255099234
12405.0 0.023229429149691283
13759.0 0.022464885664169043
15261.0 0.026693897538655698
16926.0 0.004792122345461669
18773.0 0.03069563281665988
20822.0 0.03547886699826297
23094.0 0.011724342966446866
25615.0 0.014252488457278112
28410.0 0.017566646931015728
31511.0 0.00594463377494181
---
